0.0684262
0.0370378
0.0258647
0.0200479
0.0164532
0.0140001
0.0122137
0.0108515
0.00977672
0.0089058
0.00818498
0.00757799
0.00705944
0.00661103
0.00621921
0.00587373
0.00556671
0.00529196
0.00504455
0.00482054
0.0046167
0.00443037
0.00425936
0.00410182
0.00395619
0.00382114
0.00369555
0.00357843
0.00346894
0.00336634
0.00327
0.00317934
0.00309387
0.00301316
0.00293679
0.00286444
0.00279577
0.00273052
0.00266843
0.00260927
0.00255283
0.00249893
0.0024474
0.00239808
0.00235083
0.00230551
0.00226202
0.00222024
0.00218007
0.00214141
0.00210419
0.00206831
0.00203372
0.00200033
0.00196809
0.00193693
0.00190681
0.00187767
0.00184946
0.00182214
0.00179566
0.00176999
0.00174509
0.00172092
0.00169745
0.00167466
0.0016525
0.00163096
0.00161001
0.00158963
0.00156979
0.00155046
0.00153164
0.0015133
0.00149542
0.00147798
0.00146097
0.00144437
0.00142817
0.00141235
0.0013969
0.0013818
0.00136705
0.00135262
0.00133852
0.00132473
0.00131124
0.00129803
0.00128511
0.00127246
0.00126007
0.00124793
0.00123604
0.00122439
0.00121297
0.00120177
0.0011908
0.00118003
0.00116947
0.0011591
0.00114894
0.00113896
0.00112916
0.00111954
0.00111009
0.00110081
0.0010917
0.00108274
0.00107394
0.00106529
0.00105679
0.00104843
0.00104021
0.00103212
0.00102417
0.00101635
0.00100865
0.00100108
0.000993624
0.000986288
0.000979066
0.000971956
0.000964955
0.000958061
0.000951271
0.000944582
0.000937992
0.0009315
0.000925103
0.000918798
0.000912585
0.00090646
0.000900422
0.000894469
0.000888599
0.00088281
0.000877101
0.000871471
0.000865916
0.000860437
0.000855031
0.000849696
0.000844432
0.000839237
0.00083411
0.000829049
0.000824052
0.00081912
0.00081425
0.000809441
0.000804692
0.000800002
0.00079537
0.000790795
0.000786275
0.00078181
0.000777399
0.00077304
0.000768733
0.000764477
0.00076027
0.000756113
0.000752004
0.000747942
0.000743926
0.000739956
0.000736031
0.00073215
0.000728312
0.000724517
0.000720764
0.000717052
0.00071338
0.000709748
0.000706156
0.000702601
0.000699085
0.000695606
0.000692164
0.000688757
0.000685386
0.00068205
0.000678749
0.000675481
0.000672247
0.000669045
0.000665876
0.000662739
0.000659632
0.000656557
0.000653512
0.000650497
0.000647511
0.000644555
0.000641627
0.000638727
0.000635855
0.00063301
0.000630193
0.000627402
0.000624637
0.000621898
0.000619184
0.000616495
0.000613831
0.000611192
0.000608576
0.000605985
0.000603416
0.000600871
0.000598349
0.000595849
0.000593371
0.000590915
0.00058848
0.000586067
0.000583675
0.000581303
0.000578952
0.000576621
0.00057431
0.000572018
0.000569746
0.000567493
0.000565259
0.000563044
0.000560847
0.000558668
0.000556507
0.000554364
0.000552238
0.000550129
0.000548038
0.000545964
0.000543906
0.000541864
0.000539839
0.00053783
0.000535837
0.000533859
0.000531897
0.00052995
0.000528018
0.000526102
0.0005242
0.000522312
0.000520439
0.00051858
0.000516736
0.000514905
0.000513088
0.000511284
0.000509494
0.000507718
0.000505954
0.000504203
0.000502466
0.000500741
0.000499028
0.000497328
0.00049564
0.000493965
0.000492301
0.000490649
0.00048901
0.000487381
0.000485764
0.000484159
0.000482565
0.000480982
0.00047941
0.000477848
0.000476298
0.000474758
0.000473229
0.000471711
0.000470202
0.000468704
0.000467216
0.000465738
0.00046427
0.000462812
0.000461364
0.000459925
0.000458495
0.000457075
0.000455665
0.000454263
0.000452871
0.000451488
0.000450114
0.000448748
0.000447392
0.000446044
0.000444705
0.000443374
0.000442052
0.000440738
0.000439432
0.000438135
0.000436846
0.000435565
0.000434291
0.000433026
0.000431769
0.000430519
0.000429277
0.000428042
0.000426815
0.000425596
0.000424384
0.000423179
0.000421982
0.000420791
0.000419608
0.000418432
0.000417263
0.000416101
0.000414945
0.000413797
0.000412655
0.00041152
0.000410392
0.00040927
0.000408154
0.000407045
0.000405943
0.000404847
0.000403757
0.000402673
0.000401596
0.000400524
0.000399459
0.0003984
0.000397346
0.000396299
0.000395257
0.000394222
0.000393192
0.000392167
0.000391149
0.000390136
0.000389128
0.000388127
0.00038713
0.000386139
0.000385154
0.000384173
0.000383198
0.000382229
0.000381264
0.000380305
0.000379351
0.000378402
0.000377457
0.000376518
0.000375584
0.000374655
0.000373731
0.000372811
0.000371897
0.000370987
0.000370082
0.000369181
0.000368285
0.000367394
0.000366507
0.000365625
0.000364748
0.000363875
0.000363006
0.000362142
0.000361282
0.000360426
0.000359575
0.000358728
0.000357885
0.000357047
0.000356212
0.000355382
0.000354556
0.000353734
0.000352916
0.000352102
0.000351292
0.000350486
0.000349684
0.000348885
0.000348091
0.000347301
0.000346514
0.000345731
0.000344952
0.000344176
0.000343405
0.000342637
0.000341872
0.000341111
0.000340354
0.000339601
0.000338851
0.000338104
0.000337361
0.000336621
0.000335885
0.000335153
0.000334423
0.000333697
0.000332975
0.000332255
0.000331539
0.000330827
0.000330117
0.000329411
0.000328708
0.000328008
0.000327311
0.000326618
0.000325928
0.00032524
0.000324556
0.000323875
0.000323197
0.000322522
0.00032185
0.00032118
0.000320514
0.000319851
0.000319191
0.000318533
0.000317879
0.000317227
0.000316578
0.000315932
0.000315289
0.000314648
0.000314011
0.000313376
0.000312743
0.000312114
0.000311487
0.000310863
0.000310242
0.000309623
0.000309006
0.000308393
0.000307782
0.000307173
0.000306567
0.000305964
0.000305363
0.000304765
0.000304169
0.000303576
0.000302985
0.000302396
0.00030181
0.000301227
0.000300645
0.000300067
0.00029949
0.000298916
0.000298344
0.000297775
0.000297207
0.000296643
0.00029608
0.00029552
0.000294962
0.000294406
0.000293852
0.000293301
0.000292752
0.000292205
0.00029166
0.000291117
0.000290577
0.000290038
0.000289502
0.000288968
0.000288436
0.000287906
0.000287378
0.000286852
0.000286328
0.000285806
0.000285287
0.000284769
0.000284253
0.000283739
0.000283228
0.000282718
0.00028221
0.000281704
0.0002812
0.000280698
0.000280198
0.000279699
0.000279203
0.000278708
0.000278216
0.000277725
0.000277236
0.000276749
0.000276263
0.00027578
0.000275298
0.000274818
0.00027434
0.000273863
0.000273389
0.000272916
0.000272445
0.000271975
0.000271507
0.000271041
0.000270577
0.000270115
0.000269654
0.000269194
0.000268737
0.000268281
0.000267826
0.000267374
0.000266923
0.000266473
0.000266026
0.000265579
0.000265135
0.000264692
0.00026425
0.00026381
0.000263372
0.000262935
0.0002625
0.000262066
0.000261634
0.000261203
0.000260774
0.000260346
0.00025992
0.000259495
0.000259072
0.00025865
0.00025823
0.000257811
0.000257394
0.000256978
0.000256563
0.00025615
0.000255738
0.000255328
0.000254919
0.000254512
0.000254105
0.000253701
0.000253297
0.000252895
0.000252495
0.000252095
0.000251697
0.000251301
0.000250905
0.000250511
0.000250119
0.000249727
0.000249337
0.000248949
0.000248561
0.000248175
0.00024779
0.000247406
0.000247024
0.000246643
0.000246263
0.000245884
0.000245507
0.000245131
0.000244756
0.000244382
0.000244009
0.000243638
0.000243268
0.000242899
0.000242531
0.000242165
0.000241799
0.000241435
0.000241072
0.00024071
0.00024035
0.00023999
0.000239632
0.000239274
0.000238918
0.000238563
0.000238209
0.000237856
0.000237505
0.000237154
0.000236805
0.000236456
0.000236109
0.000235763
0.000235418
0.000235074
0.000234731
0.000234389
0.000234048
0.000233708
0.000233369
0.000233032
0.000232695
0.000232359
0.000232025
0.000231691
0.000231359
0.000231027
0.000230697
0.000230367
0.000230038
0.000229711
0.000229384
0.000229059
0.000228734
0.000228411
0.000228088
0.000227766
0.000227446
0.000227126
0.000226807
0.000226489
0.000226172
0.000225856
0.000225541
0.000225227
0.000224914
0.000224602
0.000224291
0.00022398
0.000223671
0.000223362
0.000223055
0.000222748
0.000222442
0.000222137
0.000221833
0.00022153
0.000221228
0.000220926
0.000220626
0.000220326
0.000220027
0.000219729
0.000219432
0.000219136
0.000218841
0.000218546
0.000218252
0.000217959
0.000217667
0.000217376
0.000217086
0.000216796
0.000216508
0.00021622
0.000215933
0.000215646
0.000215361
0.000215076
0.000214792
0.000214509
0.000214227
0.000213945
0.000213665
0.000213385
0.000213106
0.000212827
0.00021255
0.000212273
0.000211997
0.000211722
0.000211447
0.000211173
0.0002109
0.000210628
0.000210356
0.000210086
0.000209816
0.000209546
0.000209278
0.00020901
0.000208743
0.000208476
0.000208211
0.000207946
0.000207682
0.000207418
0.000207155
0.000206893
0.000206632
0.000206371
0.000206111
0.000205852
0.000205593
0.000205335
0.000205078
0.000204822
0.000204566
0.000204311
0.000204056
0.000203802
0.000203549
0.000203297
0.000203045
0.000202794
0.000202543
0.000202293
0.000202044
0.000201796
0.000201548
0.000201301
0.000201054
0.000200808
0.000200563
0.000200318
0.000200074
0.000199831
0.000199588
0.000199346
0.000199104
0.000198863
0.000198623
0.000198384
0.000198144
0.000197906
0.000197668
0.000197431
0.000197194
0.000196958
0.000196723
0.000196488
0.000196254
0.00019602
0.000195787
0.000195555
0.000195323
0.000195092
0.000194861
0.000194631
0.000194402
0.000194173
0.000193944
0.000193716
0.000193489
0.000193263
0.000193036
0.000192811
0.000192586
0.000192362
0.000192138
0.000191914
0.000191692
0.000191469
0.000191248
0.000191027
0.000190806
0.000190586
0.000190367
0.000190148
0.000189929
0.000189711
0.000189494
0.000189277
0.000189061
0.000188845
0.00018863
0.000188415
0.000188201
0.000187987
0.000187774
0.000187561
0.000187349
0.000187138
0.000186927
0.000186716
0.000186506
0.000186296
0.000186087
0.000185878
0.00018567
0.000185463
0.000185256
0.000185049
0.000184843
0.000184637
0.000184432
0.000184227
0.000184023
0.000183819
0.000183616
0.000183413
0.000183211
0.000183009
0.000182808
0.000182607
0.000182407
0.000182207
0.000182007
0.000181808
0.00018161
0.000181412
0.000181214
0.000181017
0.00018082
0.000180624
0.000180428
0.000180233
0.000180038
0.000179844
0.00017965
0.000179456
0.000179263
0.00017907
0.000178878
0.000178686
0.000178495
0.000178304
0.000178113
0.000177923
0.000177734
0.000177545
0.000177356
0.000177168
0.00017698
0.000176792
0.000176605
0.000176418
0.000176232
0.000176046
0.000175861
0.000175676
0.000175492
0.000175307
0.000175124
0.00017494
0.000174757
0.000174575
0.000174393
0.000174211
0.00017403
0.000173849
0.000173668
0.000173488
0.000173309
0.000173129
0.00017295
0.000172772
0.000172594
0.000172416
0.000172239
0.000172062
0.000171885
0.000171709
0.000171533
0.000171358
0.000171183
0.000171008
0.000170834
0.00017066
0.000170486
0.000170313
0.00017014
0.000169968
0.000169796
0.000169624
0.000169453
0.000169282
0.000169112
0.000168941
0.000168772
0.000168602
0.000168433
0.000168264
0.000168096
0.000167928
0.00016776
0.000167593
0.000167426
0.000167259
0.000167093
0.000166927
0.000166762
0.000166596
0.000166432
0.000166267
0.000166103
0.000165939
0.000165776
0.000165613
0.00016545
0.000165287
0.000165125
0.000164963
0.000164802
0.000164641
0.00016448
0.00016432
0.00016416
0.000164
0.00016384
0.000163681
0.000163523
0.000163364
0.000163206
0.000163048
0.000162891
0.000162734
0.000162577
0.00016242
0.000162264
0.000162108
0.000161953
0.000161798
0.000161643
0.000161488
0.000161334
0.00016118
0.000161026
0.000160873
0.00016072
0.000160567
0.000160415
0.000160263
0.000160111
0.000159959
0.000159808
0.000159657
0.000159507
0.000159356
0.000159206
0.000159057
0.000158907
0.000158758
0.000158609
0.000158461
0.000158313
0.000158165
0.000158017
0.00015787
0.000157723
0.000157576
0.00015743
0.000157284
0.000157138
0.000156992
0.000156847
0.000156702
0.000156557
0.000156413
0.000156269
0.000156125
0.000155981
0.000155838
0.000155695
0.000155552
0.00015541
0.000155268
0.000155126
0.000154984
0.000154843
0.000154702
0.000154561
0.00015442
0.00015428
0.00015414
0.000154
0.000153861
0.000153722
0.000153583
0.000153444
0.000153306
0.000153168
0.00015303
0.000152892
0.000152755
0.000152618
0.000152481
0.000152344
0.000152208
0.000152072
0.000151936
0.000151801
0.000151666
0.000151531
0.000151396
0.000151261
0.000151127
0.000150993
0.00015086
0.000150726
0.000150593
0.00015046
0.000150327
0.000150195
0.000150062
0.00014993
0.000149799
0.000149667
0.000149536
0.000149405
0.000149274
0.000149144
0.000149014
0.000148884
0.000148754
0.000148624
0.000148495
0.000148366
0.000148237
0.000148108
0.00014798
0.000147852
0.000147724
0.000147597
0.000147469
0.000147342
0.000147215
0.000147088
0.000146962
0.000146836
0.00014671
0.000146584
0.000146458
0.000146333
0.000146208
0.000146083
0.000145958
0.000145834
0.00014571
0.000145586
0.000145462
0.000145339
0.000145215
0.000145092
0.000144969
0.000144847
0.000144724
0.000144602
0.00014448
0.000144359
0.000144237
0.000144116
0.000143995
0.000143874
0.000143753
0.000143633
0.000143512
0.000143392
0.000143273
0.000143153
0.000143034
0.000142914
0.000142796
0.000142677
0.000142558
0.00014244
0.000142322
0.000142204
0.000142086
0.000141969
0.000141851
0.000141734
0.000141617
0.000141501
0.000141384
0.000141268
0.000141152
0.000141036
0.000140921
0.000140805
0.00014069
0.000140575
0.00014046
0.000140345
0.000140231
0.000140117
0.000140003
0.000139889
0.000139775
0.000139662
0.000139548
0.000139435
0.000139322
0.00013921
0.000139097
0.000138985
0.000138873
0.000138761
0.000138649
0.000138538
0.000138426
0.000138315
0.000138204
0.000138094
0.000137983
0.000137873
0.000137762
0.000137652
0.000137543
0.000137433
0.000137323
0.000137214
0.000137105
0.000136996
0.000136887
0.000136779
0.000136671
0.000136562
0.000136454
0.000136347
0.000136239
0.000136132
0.000136024
0.000135917
0.00013581
0.000135704
0.000135597
0.000135491
0.000135385
0.000135279
0.000135173
0.000135067
0.000134962
0.000134856
0.000134751
0.000134646
0.000134541
0.000134437
0.000134332
0.000134228
0.000134124
0.00013402
0.000133916
0.000133813
0.000133709
0.000133606
0.000133503
0.0001334
0.000133297
0.000133195
0.000133092
0.00013299
0.000132888
0.000132786
0.000132685
0.000132583
0.000132482
0.00013238
0.000132279
0.000132178
0.000132078
0.000131977
0.000131877
0.000131776
0.000131676
0.000131576
0.000131477
0.000131377
0.000131278
0.000131178
0.000131079
0.00013098
0.000130881
0.000130783
0.000130684
0.000130586
0.000130488
0.00013039
0.000130292
0.000130194
0.000130097
0.000129999
0.000129902
0.000129805
0.000129708
0.000129611
0.000129515
0.000129418
0.000129322
0.000129226
0.00012913
0.000129034
0.000128938
0.000128843
0.000128747
0.000128652
0.000128557
0.000128462
0.000128367
0.000128272
0.000128178
0.000128084
0.000127989
0.000127895
0.000127801
0.000127708
0.000127614
0.000127521
0.000127427
0.000127334
0.000127241
0.000127148
0.000127055
0.000126963
0.00012687
0.000126778
0.000126686
0.000126594
0.000126502
0.00012641
0.000126318
0.000126227
0.000126136
0.000126044
0.000125953
0.000125863
0.000125772
0.000125681
0.000125591
0.0001255
0.00012541
0.00012532
0.00012523
0.00012514
0.000125051
0.000124961
0.000124872
0.000124782
0.000124693
0.000124604
0.000124515
0.000124427
0.000124338
0.00012425
0.000124161
0.000124073
0.000123985
0.000123897
0.00012381
0.000123722
0.000123634
0.000123547
0.00012346
0.000123373
0.000123286
0.000123199
0.000123112
0.000123025
0.000122939
0.000122853
0.000122766
0.00012268
0.000122594
0.000122509
0.000122423
0.000122337
0.000122252
0.000122167
0.000122081
0.000121996
0.000121911
0.000121827
0.000121742
0.000121657
0.000121573
0.000121489
0.000121404
0.00012132
0.000121236
0.000121153
0.000121069
0.000120985
0.000120902
0.000120819
0.000120735
0.000120652
0.000120569
0.000120486
0.000120404
0.000120321
0.000120239
0.000120156
0.000120074
0.000119992
0.00011991
0.000119828
0.000119746
0.000119665
0.000119583
0.000119502
0.000119421
0.000119339
0.000119258
0.000119177
0.000119097
0.000119016
0.000118935
0.000118855
0.000118774
0.000118694
0.000118614
0.000118534
0.000118454
0.000118374
0.000118295
0.000118215
0.000118136
0.000118057
0.000117977
0.000117898
0.000117819
0.00011774
0.000117662
0.000117583
0.000117504
0.000117426
0.000117348
0.00011727
0.000117191
0.000117113
0.000117036
0.000116958
0.00011688
0.000116803
0.000116725
0.000116648
0.000116571
0.000116494
0.000116417
0.00011634
0.000116263
0.000116186
0.00011611
0.000116033
0.000115957
0.000115881
0.000115805
0.000115729
0.000115653
0.000115577
0.000115501
0.000115426
0.00011535
0.000115275
0.000115199
0.000115124
0.000115049
0.000114974
0.000114899
0.000114825
0.00011475
0.000114675
0.000114601
0.000114527
0.000114452
0.000114378
0.000114304
0.00011423
0.000114156
0.000114083
0.000114009
0.000113935
0.000113862
0.000113789
0.000113715
0.000113642
0.000113569
0.000113496
0.000113423
0.000113351
0.000113278
0.000113206
0.000113133
0.000113061
0.000112989
0.000112916
0.000112844
0.000112772
0.000112701
0.000112629
0.000112557
0.000112486
0.000112414
0.000112343
0.000112271
0.0001122
0.000112129
0.000112058
0.000111987
0.000111917
0.000111846
0.000111775
0.000111705
0.000111634
0.000111564
0.000111494
0.000111424
0.000111354
0.000111284
0.000111214
0.000111144
0.000111074
0.000111005
0.000110935
0.000110866
0.000110797
0.000110728
0.000110658
0.000110589
0.000110521
0.000110452
0.000110383
0.000110314
0.000110246
0.000110177
0.000110109
0.000110041
0.000109972
0.000109904
0.000109836
0.000109768
0.000109701
0.000109633
0.000109565
0.000109498
0.00010943
0.000109363
0.000109295
0.000109228
0.000109161
0.000109094
0.000109027
0.00010896
0.000108893
0.000108827
0.00010876
0.000108694
0.000108627
0.000108561
0.000108495
0.000108428
0.000108362
0.000108296
0.00010823
0.000108165
0.000108099
0.000108033
0.000107968
0.000107902
0.000107837
0.000107771
0.000107706
0.000107641
0.000107576
0.000107511
0.000107446
0.000107381
0.000107317
0.000107252
0.000107187
0.000107123
0.000107058
0.000106994
0.00010693
0.000106866
0.000106802
0.000106738
0.000106674
0.00010661
0.000106546
0.000106482
0.000106419
0.000106355
0.000106292
0.000106229
0.000106165
0.000106102
0.000106039
0.000105976
0.000105913
0.00010585
0.000105787
0.000105725
0.000105662
0.0001056
0.000105537
0.000105475
0.000105412
0.00010535
0.000105288
0.000105226
0.000105164
0.000105102
0.00010504
0.000104978
0.000104917
0.000104855
0.000104794
0.000104732
0.000104671
0.000104609
0.000104548
0.000104487
0.000104426
0.000104365
0.000104304
0.000104243
0.000104182
0.000104122
0.000104061
0.000104
0.00010394
0.00010388
0.000103819
0.000103759
0.000103699
0.000103639
0.000103579
0.000103519
0.000103459
0.000103399
0.000103339
0.00010328
0.00010322
0.000103161
0.000103101
0.000103042
0.000102983
0.000102923
0.000102864
0.000102805
0.000102746
0.000102687
0.000102628
0.00010257
0.000102511
0.000102452
0.000102394
0.000102335
0.000102277
0.000102218
0.00010216
0.000102102
0.000102044
0.000101986
0.000101928
0.00010187
0.000101812
0.000101754
0.000101696
0.000101639
0.000101581
0.000101523
0.000101466
0.000101409
0.000101351
0.000101294
0.000101237
0.00010118
0.000101123
0.000101066
0.000101009
0.000100952
0.000100895
0.000100839
0.000100782
0.000100725
0.000100669
0.000100612
0.000100556
0.0001005
0.000100444
0.000100387
0.000100331
0.000100275
0.000100219
0.000100164
0.000100108
0.000100052
9.99962e-05
9.99406e-05
9.98851e-05
9.98296e-05
9.97741e-05
9.97188e-05
9.96635e-05
9.96082e-05
9.95531e-05
9.9498e-05
9.94429e-05
9.9388e-05
9.93331e-05
9.92782e-05
9.92234e-05
9.91687e-05
9.91141e-05
9.90595e-05
9.9005e-05
9.89505e-05
9.88961e-05
9.88418e-05
9.87875e-05
9.87333e-05
9.86792e-05
9.86251e-05
9.85711e-05
9.85171e-05
9.84633e-05
9.84094e-05
9.83557e-05
9.8302e-05
9.82483e-05
9.81947e-05
9.81412e-05
9.80878e-05
9.80344e-05
9.79811e-05
9.79278e-05
9.78746e-05
9.78215e-05
9.77684e-05
9.77154e-05
9.76624e-05
9.76095e-05
9.75567e-05
9.75039e-05
9.74512e-05
9.73985e-05
9.73459e-05
9.72934e-05
9.72409e-05
9.71885e-05
9.71361e-05
9.70839e-05
9.70316e-05
9.69794e-05
9.69273e-05
9.68753e-05
9.68233e-05
9.67713e-05
9.67195e-05
9.66677e-05
9.66159e-05
9.65642e-05
9.65126e-05
9.6461e-05
9.64095e-05
9.6358e-05
9.63066e-05
9.62552e-05
9.6204e-05
9.61527e-05
9.61015e-05
9.60504e-05
9.59994e-05
9.59484e-05
9.58974e-05
9.58466e-05
9.57957e-05
9.5745e-05
9.56942e-05
9.56436e-05
9.5593e-05
9.55425e-05
9.5492e-05
9.54415e-05
9.53912e-05
9.53409e-05
9.52906e-05
9.52404e-05
9.51903e-05
9.51402e-05
9.50901e-05
9.50402e-05
9.49902e-05
9.49404e-05
9.48906e-05
9.48408e-05
9.47911e-05
9.47415e-05
9.46919e-05
9.46424e-05
9.45929e-05
9.45435e-05
9.44941e-05
9.44448e-05
9.43955e-05
9.43463e-05
9.42972e-05
9.42481e-05
9.4199e-05
9.41501e-05
9.41011e-05
9.40522e-05
9.40034e-05
9.39547e-05
9.39059e-05
9.38573e-05
9.38087e-05
9.37601e-05
9.37116e-05
9.36632e-05
9.36148e-05
9.35664e-05
9.35182e-05
9.34699e-05
9.34217e-05
9.33736e-05
9.33255e-05
9.32775e-05
9.32295e-05
9.31816e-05
9.31338e-05
9.30859e-05
9.30382e-05
9.29905e-05
9.29428e-05
9.28952e-05
9.28477e-05
9.28002e-05
9.27527e-05
9.27053e-05
9.2658e-05
9.26107e-05
9.25634e-05
9.25162e-05
9.24691e-05
9.2422e-05
9.2375e-05
9.2328e-05
9.2281e-05
9.22342e-05
9.21873e-05
9.21405e-05
9.20938e-05
9.20471e-05
9.20005e-05
9.19539e-05
9.19074e-05
9.18609e-05
9.18145e-05
9.17681e-05
9.17217e-05
9.16755e-05
9.16292e-05
9.1583e-05
9.15369e-05
9.14908e-05
9.14448e-05
9.13988e-05
9.13529e-05
9.1307e-05
9.12611e-05
9.12154e-05
9.11696e-05
9.11239e-05
9.10783e-05
9.10327e-05
9.09871e-05
9.09416e-05
9.08962e-05
9.08508e-05
9.08054e-05
9.07601e-05
9.07149e-05
9.06697e-05
9.06245e-05
9.05794e-05
9.05343e-05
9.04893e-05
9.04443e-05
9.03994e-05
9.03545e-05
9.03097e-05
9.02649e-05
9.02202e-05
9.01755e-05
9.01309e-05
9.00863e-05
9.00417e-05
8.99973e-05
8.99528e-05
8.99084e-05
8.9864e-05
8.98197e-05
8.97755e-05
8.97312e-05
8.96871e-05
8.9643e-05
8.95989e-05
8.95548e-05
8.95109e-05
8.94669e-05
8.9423e-05
8.93792e-05
8.93354e-05
8.92916e-05
8.92479e-05
8.92042e-05
8.91606e-05
8.9117e-05
8.90735e-05
8.903e-05
8.89866e-05
8.89432e-05
8.88998e-05
8.88565e-05
8.88133e-05
8.87701e-05
8.87269e-05
8.86838e-05
8.86407e-05
8.85976e-05
8.85547e-05
8.85117e-05
8.84688e-05
8.84259e-05
8.83831e-05
8.83404e-05
8.82976e-05
8.82549e-05
8.82123e-05
8.81697e-05
8.81272e-05
8.80847e-05
8.80422e-05
8.79998e-05
8.79574e-05
8.79151e-05
8.78728e-05
8.78305e-05
8.77883e-05
8.77462e-05
8.7704e-05
8.7662e-05
8.76199e-05
8.7578e-05
8.7536e-05
8.74941e-05
8.74522e-05
8.74104e-05
8.73687e-05
8.73269e-05
8.72852e-05
8.72436e-05
8.7202e-05
8.71604e-05
8.71189e-05
8.70774e-05
8.7036e-05
8.69946e-05
8.69532e-05
8.69119e-05
8.68707e-05
8.68294e-05
8.67882e-05
8.67471e-05
8.6706e-05
8.66649e-05
8.66239e-05
8.65829e-05
8.6542e-05
8.65011e-05
8.64602e-05
8.64194e-05
8.63787e-05
8.63379e-05
8.62972e-05
8.62566e-05
8.6216e-05
8.61754e-05
8.61349e-05
8.60944e-05
8.60539e-05
8.60135e-05
8.59732e-05
8.59328e-05
8.58926e-05
8.58523e-05
8.58121e-05
8.57719e-05
8.57318e-05
8.56917e-05
8.56517e-05
8.56117e-05
8.55717e-05
8.55318e-05
8.54919e-05
8.5452e-05
8.54122e-05
8.53725e-05
8.53327e-05
8.52931e-05
8.52534e-05
8.52138e-05
8.51742e-05
8.51347e-05
8.50952e-05
8.50557e-05
8.50163e-05
8.49769e-05
8.49376e-05
8.48983e-05
8.4859e-05
8.48198e-05
8.47806e-05
8.47415e-05
8.47024e-05
8.46633e-05
8.46243e-05
8.45853e-05
8.45463e-05
8.45074e-05
8.44686e-05
8.44297e-05
8.43909e-05
8.43522e-05
8.43134e-05
8.42747e-05
8.42361e-05
8.41975e-05
8.41589e-05
8.41204e-05
8.40819e-05
8.40434e-05
8.4005e-05
8.39666e-05
8.39283e-05
8.38899e-05
8.38517e-05
8.38134e-05
8.37752e-05
8.37371e-05
8.36989e-05
8.36609e-05
8.36228e-05
8.35848e-05
8.35468e-05
8.35089e-05
8.3471e-05
8.34331e-05
8.33953e-05
8.33575e-05
8.33197e-05
8.3282e-05
8.32443e-05
8.32066e-05
8.3169e-05
8.31314e-05
8.30939e-05
8.30564e-05
8.30189e-05
8.29815e-05
8.29441e-05
8.29067e-05
8.28694e-05
8.28321e-05
8.27949e-05
8.27576e-05
8.27205e-05
8.26833e-05
8.26462e-05
8.26091e-05
8.25721e-05
8.25351e-05
8.24981e-05
8.24612e-05
8.24243e-05
8.23874e-05
8.23506e-05
8.23138e-05
8.2277e-05
8.22403e-05
8.22036e-05
8.2167e-05
8.21303e-05
8.20937e-05
8.20572e-05
8.20207e-05
8.19842e-05
8.19478e-05
8.19113e-05
8.1875e-05
8.18386e-05
8.18023e-05
8.1766e-05
8.17298e-05
8.16936e-05
8.16574e-05
8.16213e-05
8.15852e-05
8.15491e-05
8.15131e-05
8.14771e-05
8.14411e-05
8.14052e-05
8.13693e-05
8.13334e-05
8.12975e-05
8.12617e-05
8.1226e-05
8.11902e-05
8.11545e-05
8.11189e-05
8.10832e-05
8.10476e-05
8.10121e-05
8.09765e-05
8.0941e-05
8.09056e-05
8.08701e-05
8.08347e-05
8.07994e-05
8.0764e-05
8.07287e-05
8.06935e-05
8.06582e-05
8.0623e-05
8.05879e-05
8.05527e-05
8.05176e-05
8.04825e-05
8.04475e-05
8.04125e-05
8.03775e-05
8.03426e-05
8.03077e-05
8.02728e-05
8.02379e-05
8.02031e-05
8.01683e-05
8.01336e-05
8.00989e-05
8.00642e-05
8.00295e-05
7.99949e-05
7.99603e-05
7.99258e-05
7.98912e-05
7.98567e-05
7.98223e-05
7.97878e-05
7.97534e-05
7.97191e-05
7.96847e-05
7.96504e-05
7.96161e-05
7.95819e-05
7.95477e-05
7.95135e-05
7.94794e-05
7.94452e-05
7.94112e-05
7.93771e-05
7.93431e-05
7.93091e-05
7.92751e-05
7.92412e-05
7.92073e-05
7.91734e-05
7.91396e-05
7.91058e-05
7.9072e-05
7.90383e-05
7.90045e-05
7.89709e-05
7.89372e-05
7.89036e-05
7.887e-05
7.88364e-05
7.88029e-05
7.87694e-05
7.87359e-05
7.87025e-05
7.86691e-05
7.86357e-05
7.86023e-05
7.8569e-05
7.85357e-05
7.85024e-05
7.84692e-05
7.8436e-05
7.84028e-05
7.83697e-05
7.83366e-05
7.83035e-05
7.82705e-05
7.82374e-05
7.82044e-05
7.81715e-05
7.81385e-05
7.81056e-05
7.80728e-05
7.80399e-05
7.80071e-05
7.79743e-05
7.79416e-05
7.79088e-05
7.78761e-05
7.78435e-05
7.78108e-05
7.77782e-05
7.77456e-05
7.77131e-05
7.76806e-05
7.76481e-05
7.76156e-05
7.75832e-05
7.75507e-05
7.75184e-05
7.7486e-05
7.74537e-05
7.74214e-05
7.73891e-05
7.73569e-05
7.73247e-05
7.72925e-05
7.72604e-05
7.72282e-05
7.71962e-05
7.71641e-05
7.7132e-05
7.71e-05
7.70681e-05
7.70361e-05
7.70042e-05
7.69723e-05
7.69404e-05
7.69086e-05
7.68768e-05
7.6845e-05
7.68132e-05
7.67815e-05
7.67498e-05
7.67181e-05
7.66865e-05
7.66549e-05
7.66233e-05
7.65917e-05
7.65602e-05
7.65287e-05
7.64972e-05
7.64658e-05
7.64343e-05
7.64029e-05
7.63716e-05
7.63402e-05
7.63089e-05
7.62776e-05
7.62464e-05
7.62151e-05
7.61839e-05
7.61528e-05
7.61216e-05
7.60905e-05
7.60594e-05
7.60283e-05
7.59973e-05
7.59663e-05
7.59353e-05
7.59043e-05
7.58734e-05
7.58425e-05
7.58116e-05
7.57807e-05
7.57499e-05
7.57191e-05
7.56883e-05
7.56576e-05
7.56269e-05
7.55962e-05
7.55655e-05
7.55349e-05
7.55043e-05
7.54737e-05
7.54431e-05
7.54126e-05
7.53821e-05
7.53516e-05
7.53211e-05
7.52907e-05
7.52603e-05
7.52299e-05
7.51996e-05
7.51692e-05
7.51389e-05
7.51087e-05
7.50784e-05
7.50482e-05
7.5018e-05
7.49878e-05
7.49577e-05
7.49276e-05
7.48975e-05
7.48674e-05
7.48374e-05
7.48074e-05
7.47774e-05
7.47474e-05
7.47175e-05
7.46876e-05
7.46577e-05
7.46278e-05
7.4598e-05
7.45682e-05
7.45384e-05
7.45086e-05
7.44789e-05
7.44492e-05
7.44195e-05
7.43898e-05
7.43602e-05
7.43306e-05
7.4301e-05
7.42714e-05
7.42419e-05
7.42124e-05
7.41829e-05
7.41534e-05
7.4124e-05
7.40946e-05
7.40652e-05
7.40359e-05
7.40065e-05
7.39772e-05
7.39479e-05
7.39187e-05
7.38894e-05
7.38602e-05
7.3831e-05
7.38019e-05
7.37727e-05
7.37436e-05
7.37145e-05
7.36855e-05
7.36564e-05
7.36274e-05
7.35984e-05
7.35694e-05
7.35405e-05
7.35116e-05
7.34827e-05
7.34538e-05
7.3425e-05
7.33962e-05
7.33674e-05
7.33386e-05
7.33098e-05
7.32811e-05
7.32524e-05
7.32237e-05
7.31951e-05
7.31664e-05
7.31378e-05
7.31092e-05
7.30807e-05
7.30522e-05
7.30236e-05
7.29952e-05
7.29667e-05
7.29382e-05
7.29098e-05
7.28814e-05
7.28531e-05
7.28247e-05
7.27964e-05
7.27681e-05
7.27398e-05
7.27116e-05
7.26833e-05
7.26551e-05
7.2627e-05
7.25988e-05
7.25707e-05
7.25425e-05
7.25145e-05
7.24864e-05
7.24583e-05
7.24303e-05
7.24023e-05
7.23743e-05
7.23464e-05
7.23185e-05
7.22906e-05
7.22627e-05
7.22348e-05
7.2207e-05
7.21792e-05
7.21514e-05
7.21236e-05
7.20959e-05
7.20681e-05
7.20404e-05
7.20128e-05
7.19851e-05
7.19575e-05
7.19299e-05
7.19023e-05
7.18747e-05
7.18472e-05
7.18197e-05
7.17922e-05
7.17647e-05
7.17372e-05
7.17098e-05
7.16824e-05
7.1655e-05
7.16276e-05
7.16003e-05
7.1573e-05
7.15457e-05
7.15184e-05
7.14912e-05
7.14639e-05
7.14367e-05
7.14095e-05
7.13824e-05
7.13552e-05
7.13281e-05
7.1301e-05
7.12739e-05
7.12469e-05
7.12198e-05
7.11928e-05
7.11658e-05
7.11389e-05
7.11119e-05
7.1085e-05
7.10581e-05
7.10312e-05
7.10044e-05
7.09775e-05
7.09507e-05
7.09239e-05
7.08971e-05
7.08704e-05
7.08437e-05
7.0817e-05
7.07903e-05
7.07636e-05
7.0737e-05
7.07103e-05
7.06837e-05
7.06572e-05
7.06306e-05
7.06041e-05
7.05775e-05
7.05511e-05
7.05246e-05
7.04981e-05
7.04717e-05
7.04453e-05
7.04189e-05
7.03925e-05
7.03662e-05
7.03399e-05
7.03135e-05
7.02873e-05
7.0261e-05
7.02348e-05
7.02085e-05
7.01823e-05
7.01562e-05
7.013e-05
7.01039e-05
7.00777e-05
7.00516e-05
7.00256e-05
6.99995e-05
6.99735e-05
6.99475e-05
6.99215e-05
6.98955e-05
6.98695e-05
6.98436e-05
6.98177e-05
6.97918e-05
6.97659e-05
6.97401e-05
6.97143e-05
6.96884e-05
6.96627e-05
6.96369e-05
6.96111e-05
6.95854e-05
6.95597e-05
6.9534e-05
6.95083e-05
6.94827e-05
6.94571e-05
6.94315e-05
6.94059e-05
6.93803e-05
6.93548e-05
6.93292e-05
6.93037e-05
6.92782e-05
6.92528e-05
6.92273e-05
6.92019e-05
6.91765e-05
6.91511e-05
6.91257e-05
6.91004e-05
6.90751e-05
6.90497e-05
6.90245e-05
6.89992e-05
6.89739e-05
6.89487e-05
6.89235e-05
6.88983e-05
6.88731e-05
6.8848e-05
6.88229e-05
6.87977e-05
6.87726e-05
6.87476e-05
6.87225e-05
6.86975e-05
6.86725e-05
6.86475e-05
6.86225e-05
6.85975e-05
6.85726e-05
6.85477e-05
6.85228e-05
6.84979e-05
6.8473e-05
6.84482e-05
6.84234e-05
6.83986e-05
6.83738e-05
6.8349e-05
6.83243e-05
6.82996e-05
6.82749e-05
6.82502e-05
6.82255e-05
6.82008e-05
6.81762e-05
6.81516e-05
6.8127e-05
6.81024e-05
6.80779e-05
6.80533e-05
6.80288e-05
6.80043e-05
6.79798e-05
6.79554e-05
6.79309e-05
6.79065e-05
6.78821e-05
6.78577e-05
6.78333e-05
6.7809e-05
6.77847e-05
6.77604e-05
6.77361e-05
6.77118e-05
6.76875e-05
6.76633e-05
6.76391e-05
6.76149e-05
6.75907e-05
6.75665e-05
6.75424e-05
6.75182e-05
6.74941e-05
6.747e-05
6.7446e-05
6.74219e-05
6.73979e-05
6.73739e-05
6.73499e-05
6.73259e-05
6.73019e-05
6.7278e-05
6.7254e-05
6.72301e-05
6.72062e-05
6.71824e-05
6.71585e-05
6.71347e-05
6.71109e-05
6.70871e-05
6.70633e-05
6.70395e-05
6.70158e-05
6.6992e-05
6.69683e-05
6.69446e-05
6.69209e-05
6.68973e-05
6.68737e-05
6.685e-05
6.68264e-05
6.68028e-05
6.67793e-05
6.67557e-05
6.67322e-05
6.67087e-05
6.66852e-05
6.66617e-05
6.66382e-05
6.66148e-05
6.65913e-05
6.65679e-05
6.65445e-05
6.65212e-05
6.64978e-05
6.64745e-05
6.64511e-05
6.64278e-05
6.64046e-05
6.63813e-05
6.6358e-05
6.63348e-05
6.63116e-05
6.62884e-05
6.62652e-05
6.6242e-05
6.62189e-05
6.61957e-05
6.61726e-05
6.61495e-05
6.61264e-05
6.61034e-05
6.60803e-05
6.60573e-05
6.60343e-05
6.60113e-05
6.59883e-05
6.59654e-05
6.59424e-05
6.59195e-05
6.58966e-05
6.58737e-05
6.58508e-05
6.58279e-05
6.58051e-05
6.57823e-05
6.57595e-05
6.57367e-05
6.57139e-05
6.56911e-05
6.56684e-05
6.56457e-05
6.5623e-05
6.56003e-05
6.55776e-05
6.55549e-05
6.55323e-05
6.55097e-05
6.54871e-05
6.54645e-05
6.54419e-05
6.54193e-05
6.53968e-05
6.53743e-05
6.53518e-05
6.53293e-05
6.53068e-05
6.52843e-05
6.52619e-05
6.52395e-05
6.5217e-05
6.51947e-05
6.51723e-05
6.51499e-05
6.51276e-05
6.51052e-05
6.50829e-05
6.50606e-05
6.50384e-05
6.50161e-05
6.49938e-05
6.49716e-05
6.49494e-05
6.49272e-05
6.4905e-05
6.48828e-05
6.48607e-05
6.48386e-05
6.48164e-05
6.47943e-05
6.47723e-05
6.47502e-05
6.47281e-05
6.47061e-05
6.46841e-05
6.46621e-05
6.46401e-05
6.46181e-05
6.45961e-05
6.45742e-05
6.45523e-05
6.45304e-05
6.45085e-05
6.44866e-05
6.44647e-05
6.44429e-05
6.4421e-05
6.43992e-05
6.43774e-05
6.43556e-05
6.43339e-05
6.43121e-05
6.42904e-05
6.42687e-05
6.4247e-05
6.42253e-05
6.42036e-05
6.41819e-05
6.41603e-05
6.41387e-05
6.4117e-05
6.40954e-05
6.40739e-05
6.40523e-05
6.40307e-05
6.40092e-05
6.39877e-05
6.39662e-05
6.39447e-05
6.39232e-05
6.39018e-05
6.38803e-05
6.38589e-05
6.38375e-05
6.38161e-05
6.37947e-05
6.37733e-05
6.3752e-05
6.37306e-05
6.37093e-05
6.3688e-05
6.36667e-05
6.36454e-05
6.36242e-05
6.36029e-05
6.35817e-05
6.35605e-05
6.35393e-05
6.35181e-05
6.34969e-05
6.34758e-05
6.34546e-05
6.34335e-05
6.34124e-05
6.33913e-05
6.33702e-05
6.33492e-05
6.33281e-05
6.33071e-05
6.32861e-05
6.32651e-05
6.32441e-05
6.32231e-05
6.32021e-05
6.31812e-05
6.31602e-05
6.31393e-05
6.31184e-05
6.30975e-05
6.30767e-05
6.30558e-05
6.3035e-05
6.30141e-05
6.29933e-05
6.29725e-05
6.29517e-05
6.2931e-05
6.29102e-05
6.28895e-05
6.28687e-05
6.2848e-05
6.28273e-05
6.28066e-05
6.2786e-05
6.27653e-05
6.27447e-05
6.27241e-05
6.27034e-05
6.26828e-05
6.26623e-05
6.26417e-05
6.26211e-05
6.26006e-05
6.25801e-05
6.25596e-05
6.25391e-05
6.25186e-05
6.24981e-05
6.24777e-05
6.24572e-05
6.24368e-05
6.24164e-05
6.2396e-05
6.23756e-05
6.23553e-05
6.23349e-05
6.23146e-05
6.22942e-05
6.22739e-05
6.22536e-05
6.22333e-05
6.22131e-05
6.21928e-05
6.21726e-05
6.21523e-05
6.21321e-05
6.21119e-05
6.20918e-05
6.20716e-05
6.20514e-05
6.20313e-05
6.20111e-05
6.1991e-05
6.19709e-05
6.19508e-05
6.19308e-05
6.19107e-05
6.18907e-05
6.18706e-05
6.18506e-05
6.18306e-05
6.18106e-05
6.17906e-05
6.17707e-05
6.17507e-05
6.17308e-05
6.17109e-05
6.1691e-05
6.16711e-05
6.16512e-05
6.16313e-05
6.16115e-05
6.15916e-05
6.15718e-05
6.1552e-05
6.15322e-05
6.15124e-05
6.14926e-05
6.14729e-05
6.14531e-05
6.14334e-05
6.14137e-05
6.1394e-05
6.13743e-05
6.13546e-05
6.13349e-05
6.13153e-05
6.12956e-05
6.1276e-05
6.12564e-05
6.12368e-05
6.12172e-05
6.11977e-05
6.11781e-05
6.11585e-05
6.1139e-05
6.11195e-05
6.11e-05
6.10805e-05
6.1061e-05
6.10416e-05
6.10221e-05
6.10027e-05
6.09832e-05
6.09638e-05
6.09444e-05
6.0925e-05
6.09057e-05
6.08863e-05
6.0867e-05
6.08476e-05
6.08283e-05
6.0809e-05
6.07897e-05
6.07704e-05
6.07512e-05
6.07319e-05
6.07127e-05
6.06934e-05
6.06742e-05
6.0655e-05
6.06358e-05
6.06166e-05
6.05975e-05
6.05783e-05
6.05592e-05
6.05401e-05
6.0521e-05
6.05019e-05
6.04828e-05
6.04637e-05
6.04446e-05
6.04256e-05
6.04065e-05
6.03875e-05
6.03685e-05
6.03495e-05
6.03305e-05
6.03116e-05
6.02926e-05
6.02736e-05
6.02547e-05
6.02358e-05
6.02169e-05
6.0198e-05
6.01791e-05
6.01602e-05
6.01414e-05
6.01225e-05
6.01037e-05
6.00849e-05
6.00661e-05
6.00473e-05
6.00285e-05
6.00097e-05
5.9991e-05
5.99722e-05
5.99535e-05
5.99348e-05
5.9916e-05
5.98973e-05
5.98787e-05
5.986e-05
5.98413e-05
5.98227e-05
5.98041e-05
5.97854e-05
5.97668e-05
5.97482e-05
5.97296e-05
5.97111e-05
5.96925e-05
5.9674e-05
5.96554e-05
5.96369e-05
5.96184e-05
5.95999e-05
5.95814e-05
5.95629e-05
5.95445e-05
5.9526e-05
5.95076e-05
5.94892e-05
5.94707e-05
5.94523e-05
5.94339e-05
5.94156e-05
5.93972e-05
5.93789e-05
5.93605e-05
5.93422e-05
5.93239e-05
5.93056e-05
5.92873e-05
5.9269e-05
5.92507e-05
5.92325e-05
5.92142e-05
5.9196e-05
5.91778e-05
5.91596e-05
5.91414e-05
5.91232e-05
5.9105e-05
5.90868e-05
5.90687e-05
5.90505e-05
5.90324e-05
5.90143e-05
5.89962e-05
5.89781e-05
5.896e-05
5.8942e-05
5.89239e-05
5.89059e-05
5.88878e-05
5.88698e-05
5.88518e-05
5.88338e-05
5.88158e-05
5.87979e-05
5.87799e-05
5.87619e-05
5.8744e-05
5.87261e-05
5.87082e-05
5.86903e-05
5.86724e-05
5.86545e-05
5.86366e-05
5.86188e-05
5.86009e-05
5.85831e-05
5.85653e-05
5.85475e-05
5.85297e-05
5.85119e-05
5.84941e-05
5.84763e-05
5.84586e-05
5.84408e-05
5.84231e-05
5.84054e-05
5.83877e-05
5.837e-05
5.83523e-05
5.83346e-05
5.8317e-05
5.82993e-05
5.82817e-05
5.82641e-05
5.82464e-05
5.82288e-05
5.82112e-05
5.81937e-05
5.81761e-05
5.81585e-05
5.8141e-05
5.81234e-05
5.81059e-05
5.80884e-05
5.80709e-05
5.80534e-05
5.80359e-05
5.80185e-05
5.8001e-05
5.79836e-05
5.79661e-05
5.79487e-05
5.79313e-05
5.79139e-05
5.78965e-05
5.78791e-05
5.78617e-05
5.78444e-05
5.7827e-05
5.78097e-05
5.77924e-05
5.77751e-05
5.77578e-05
5.77405e-05
5.77232e-05
5.77059e-05
5.76887e-05
5.76714e-05
5.76542e-05
5.76369e-05
5.76197e-05
5.76025e-05
5.75853e-05
5.75682e-05
5.7551e-05
5.75338e-05
5.75167e-05
5.74995e-05
5.74824e-05
5.74653e-05
5.74482e-05
5.74311e-05
5.7414e-05
5.73969e-05
5.73799e-05
5.73628e-05
5.73458e-05
5.73288e-05
5.73117e-05
5.72947e-05
5.72777e-05
5.72607e-05
5.72438e-05
5.72268e-05
5.72098e-05
5.71929e-05
5.7176e-05
5.7159e-05
5.71421e-05
5.71252e-05
5.71083e-05
5.70915e-05
5.70746e-05
5.70577e-05
5.70409e-05
5.7024e-05
5.70072e-05
5.69904e-05
5.69736e-05
5.69568e-05
5.694e-05
5.69232e-05
5.69065e-05
5.68897e-05
5.6873e-05
5.68562e-05
5.68395e-05
5.68228e-05
5.68061e-05
5.67894e-05
5.67727e-05
5.67561e-05
5.67394e-05
5.67228e-05
5.67061e-05
5.66895e-05
5.66729e-05
5.66563e-05
5.66397e-05
5.66231e-05
5.66065e-05
5.65899e-05
5.65734e-05
5.65568e-05
5.65403e-05
5.65238e-05
5.65073e-05
5.64908e-05
5.64743e-05
5.64578e-05
5.64413e-05
5.64248e-05
5.64084e-05
5.6392e-05
5.63755e-05
5.63591e-05
5.63427e-05
5.63263e-05
5.63099e-05
5.62935e-05
5.62771e-05
5.62608e-05
5.62444e-05
5.62281e-05
5.62118e-05
5.61954e-05
5.61791e-05
5.61628e-05
5.61465e-05
5.61302e-05
5.6114e-05
5.60977e-05
5.60815e-05
5.60652e-05
5.6049e-05
5.60328e-05
5.60166e-05
5.60004e-05
5.59842e-05
5.5968e-05
5.59518e-05
5.59357e-05
5.59195e-05
5.59034e-05
5.58872e-05
5.58711e-05
5.5855e-05
5.58389e-05
5.58228e-05
5.58067e-05
5.57907e-05
5.57746e-05
5.57585e-05
5.57425e-05
5.57265e-05
5.57104e-05
5.56944e-05
5.56784e-05
5.56624e-05
5.56465e-05
5.56305e-05
5.56145e-05
5.55986e-05
5.55826e-05
5.55667e-05
5.55508e-05
5.55348e-05
5.55189e-05
5.5503e-05
5.54872e-05
5.54713e-05
5.54554e-05
5.54396e-05
5.54237e-05
5.54079e-05
5.5392e-05
5.53762e-05
5.53604e-05
5.53446e-05
5.53288e-05
5.5313e-05
5.52973e-05
5.52815e-05
5.52658e-05
5.525e-05
5.52343e-05
5.52186e-05
5.52029e-05
5.51871e-05
5.51715e-05
5.51558e-05
5.51401e-05
5.51244e-05
5.51088e-05
5.50931e-05
5.50775e-05
5.50619e-05
5.50462e-05
5.50306e-05
5.5015e-05
5.49994e-05
5.49839e-05
5.49683e-05
5.49527e-05
5.49372e-05
5.49216e-05
5.49061e-05
5.48906e-05
5.48751e-05
5.48596e-05
5.48441e-05
5.48286e-05
5.48131e-05
5.47976e-05
5.47822e-05
5.47667e-05
5.47513e-05
5.47358e-05
5.47204e-05
5.4705e-05
5.46896e-05
5.46742e-05
5.46588e-05
5.46434e-05
5.46281e-05
5.46127e-05
5.45974e-05
5.4582e-05
5.45667e-05
5.45514e-05
5.45361e-05
5.45208e-05
5.45055e-05
5.44902e-05
5.44749e-05
5.44596e-05
5.44444e-05
5.44291e-05
5.44139e-05
5.43987e-05
5.43835e-05
5.43682e-05
5.4353e-05
5.43378e-05
5.43227e-05
5.43075e-05
5.42923e-05
5.42772e-05
5.4262e-05
5.42469e-05
5.42317e-05
5.42166e-05
5.42015e-05
5.41864e-05
5.41713e-05
5.41562e-05
5.41411e-05
5.41261e-05
5.4111e-05
5.4096e-05
5.40809e-05
5.40659e-05
5.40509e-05
5.40359e-05
5.40209e-05
5.40059e-05
5.39909e-05
5.39759e-05
5.39609e-05
5.3946e-05
5.3931e-05
5.39161e-05
5.39011e-05
5.38862e-05
5.38713e-05
5.38564e-05
5.38415e-05
5.38266e-05
5.38117e-05
5.37968e-05
5.3782e-05
5.37671e-05
5.37523e-05
5.37374e-05
5.37226e-05
5.37078e-05
5.3693e-05
5.36782e-05
5.36634e-05
5.36486e-05
5.36338e-05
5.3619e-05
5.36043e-05
5.35895e-05
5.35748e-05
5.356e-05
5.35453e-05
5.35306e-05
5.35159e-05
5.35012e-05
5.34865e-05
5.34718e-05
5.34571e-05
5.34425e-05
5.34278e-05
5.34132e-05
5.33985e-05
5.33839e-05
5.33693e-05
5.33547e-05
5.33401e-05
5.33255e-05
5.33109e-05
5.32963e-05
5.32817e-05
5.32672e-05
5.32526e-05
5.32381e-05
5.32235e-05
5.3209e-05
5.31945e-05
5.318e-05
5.31655e-05
5.3151e-05
5.31365e-05
5.3122e-05
5.31075e-05
5.30931e-05
5.30786e-05
5.30642e-05
5.30497e-05
5.30353e-05
5.30209e-05
5.30065e-05
5.29921e-05
5.29777e-05
5.29633e-05
5.29489e-05
5.29345e-05
5.29202e-05
5.29058e-05
5.28915e-05
5.28771e-05
5.28628e-05
5.28485e-05
5.28342e-05
5.28199e-05
5.28056e-05
5.27913e-05
5.2777e-05
5.27627e-05
5.27485e-05
5.27342e-05
5.272e-05
5.27057e-05
5.26915e-05
5.26773e-05
5.26631e-05
5.26489e-05
5.26347e-05
5.26205e-05
5.26063e-05
5.25921e-05
5.2578e-05
5.25638e-05
5.25497e-05
5.25355e-05
5.25214e-05
5.25073e-05
5.24931e-05
5.2479e-05
5.24649e-05
5.24508e-05
5.24368e-05
5.24227e-05
5.24086e-05
5.23946e-05
5.23805e-05
5.23665e-05
5.23524e-05
5.23384e-05
5.23244e-05
5.23104e-05
5.22964e-05
5.22824e-05
5.22684e-05
5.22544e-05
5.22404e-05
5.22265e-05
5.22125e-05
5.21986e-05
5.21846e-05
5.21707e-05
5.21568e-05
5.21428e-05
5.21289e-05
5.2115e-05
5.21011e-05
5.20873e-05
5.20734e-05
5.20595e-05
5.20457e-05
5.20318e-05
5.2018e-05
5.20041e-05
5.19903e-05
5.19765e-05
5.19627e-05
5.19488e-05
5.1935e-05
5.19213e-05
5.19075e-05
5.18937e-05
5.18799e-05
5.18662e-05
5.18524e-05
5.18387e-05
5.18249e-05
5.18112e-05
5.17975e-05
5.17838e-05
5.17701e-05
5.17564e-05
5.17427e-05
5.1729e-05
5.17153e-05
5.17017e-05
5.1688e-05
5.16744e-05
5.16607e-05
5.16471e-05
5.16334e-05
5.16198e-05
5.16062e-05
5.15926e-05
5.1579e-05
5.15654e-05
5.15518e-05
5.15383e-05
5.15247e-05
5.15111e-05
5.14976e-05
5.1484e-05
5.14705e-05
5.1457e-05
5.14434e-05
5.14299e-05
5.14164e-05
5.14029e-05
5.13894e-05
5.1376e-05
5.13625e-05
5.1349e-05
5.13355e-05
5.13221e-05
5.13086e-05
5.12952e-05
5.12818e-05
5.12683e-05
5.12549e-05
5.12415e-05
5.12281e-05
5.12147e-05
5.12013e-05
5.1188e-05
5.11746e-05
5.11612e-05
5.11479e-05
5.11345e-05
5.11212e-05
5.11078e-05
5.10945e-05
5.10812e-05
5.10679e-05
5.10546e-05
5.10413e-05
5.1028e-05
5.10147e-05
5.10014e-05
5.09882e-05
5.09749e-05
5.09616e-05
5.09484e-05
5.09352e-05
5.09219e-05
5.09087e-05
5.08955e-05
5.08823e-05
5.08691e-05
5.08559e-05
5.08427e-05
5.08295e-05
5.08163e-05
5.08032e-05
5.079e-05
5.07769e-05
5.07637e-05
5.07506e-05
5.07375e-05
5.07243e-05
5.07112e-05
5.06981e-05
5.0685e-05
5.06719e-05
5.06588e-05
5.06458e-05
5.06327e-05
5.06196e-05
5.06066e-05
5.05935e-05
5.05805e-05
5.05674e-05
5.05544e-05
5.05414e-05
5.05284e-05
5.05154e-05
5.05024e-05
5.04894e-05
5.04764e-05
5.04634e-05
5.04504e-05
5.04375e-05
5.04245e-05
5.04115e-05
5.03986e-05
5.03857e-05
5.03727e-05
5.03598e-05
5.03469e-05
5.0334e-05
5.03211e-05
5.03082e-05
5.02953e-05
5.02824e-05
5.02696e-05
5.02567e-05
5.02438e-05
5.0231e-05
5.02181e-05
5.02053e-05
5.01925e-05
5.01796e-05
5.01668e-05
5.0154e-05
5.01412e-05
5.01284e-05
5.01156e-05
5.01028e-05
5.00901e-05
5.00773e-05
5.00645e-05
5.00518e-05
5.0039e-05
5.00263e-05
5.00136e-05
5.00008e-05
4.99881e-05
4.99754e-05
4.99627e-05
4.995e-05
4.99373e-05
4.99246e-05
4.99119e-05
4.98993e-05
4.98866e-05
4.98739e-05
4.98613e-05
4.98486e-05
4.9836e-05
4.98234e-05
4.98107e-05
4.97981e-05
4.97855e-05
4.97729e-05
4.97603e-05
4.97477e-05
4.97351e-05
4.97226e-05
4.971e-05
4.96974e-05
4.96849e-05
4.96723e-05
4.96598e-05
4.96473e-05
4.96347e-05
4.96222e-05
4.96097e-05
4.95972e-05
4.95847e-05
4.95722e-05
4.95597e-05
4.95472e-05
4.95347e-05
4.95223e-05
4.95098e-05
4.94973e-05
4.94849e-05
4.94724e-05
4.946e-05
4.94476e-05
4.94352e-05
4.94227e-05
4.94103e-05
4.93979e-05
4.93855e-05
4.93731e-05
4.93608e-05
4.93484e-05
4.9336e-05
4.93237e-05
4.93113e-05
4.9299e-05
4.92866e-05
4.92743e-05
4.92619e-05
4.92496e-05
4.92373e-05
4.9225e-05
4.92127e-05
4.92004e-05
4.91881e-05
4.91758e-05
4.91635e-05
4.91513e-05
4.9139e-05
4.91267e-05
4.91145e-05
4.91022e-05
4.909e-05
4.90778e-05
4.90656e-05
4.90533e-05
4.90411e-05
4.90289e-05
4.90167e-05
4.90045e-05
4.89923e-05
4.89802e-05
4.8968e-05
4.89558e-05
4.89437e-05
4.89315e-05
4.89194e-05
4.89072e-05
4.88951e-05
4.88829e-05
4.88708e-05
4.88587e-05
4.88466e-05
4.88345e-05
4.88224e-05
4.88103e-05
4.87982e-05
4.87861e-05
4.87741e-05
4.8762e-05
4.875e-05
4.87379e-05
4.87259e-05
4.87138e-05
4.87018e-05
4.86898e-05
4.86777e-05
4.86657e-05
4.86537e-05
4.86417e-05
4.86297e-05
4.86177e-05
4.86057e-05
4.85938e-05
4.85818e-05
4.85698e-05
4.85579e-05
4.85459e-05
4.8534e-05
4.8522e-05
4.85101e-05
4.84982e-05
4.84863e-05
4.84743e-05
4.84624e-05
4.84505e-05
4.84386e-05
4.84268e-05
4.84149e-05
4.8403e-05
4.83911e-05
4.83793e-05
4.83674e-05
4.83555e-05
4.83437e-05
4.83319e-05
4.832e-05
4.83082e-05
4.82964e-05
4.82846e-05
4.82728e-05
4.8261e-05
4.82492e-05
4.82374e-05
4.82256e-05
4.82138e-05
4.8202e-05
4.81903e-05
4.81785e-05
4.81668e-05
4.8155e-05
4.81433e-05
4.81315e-05
4.81198e-05
4.81081e-05
4.80964e-05
4.80847e-05
4.80729e-05
4.80612e-05
4.80496e-05
4.80379e-05
4.80262e-05
4.80145e-05
4.80028e-05
4.79912e-05
4.79795e-05
4.79679e-05
4.79562e-05
4.79446e-05
4.7933e-05
4.79213e-05
4.79097e-05
4.78981e-05
4.78865e-05
4.78749e-05
4.78633e-05
4.78517e-05
4.78401e-05
4.78285e-05
4.7817e-05
4.78054e-05
4.77938e-05
4.77823e-05
4.77707e-05
4.77592e-05
4.77477e-05
4.77361e-05
4.77246e-05
4.77131e-05
4.77016e-05
4.76901e-05
4.76786e-05
4.76671e-05
4.76556e-05
4.76441e-05
4.76326e-05
4.76211e-05
4.76097e-05
4.75982e-05
4.75868e-05
4.75753e-05
4.75639e-05
4.75524e-05
4.7541e-05
4.75296e-05
4.75182e-05
4.75067e-05
4.74953e-05
4.74839e-05
4.74725e-05
4.74612e-05
4.74498e-05
4.74384e-05
4.7427e-05
4.74157e-05
4.74043e-05
4.73929e-05
4.73816e-05
4.73702e-05
4.73589e-05
4.73476e-05
4.73362e-05
4.73249e-05
4.73136e-05
4.73023e-05
4.7291e-05
4.72797e-05
4.72684e-05
4.72571e-05
4.72458e-05
4.72346e-05
4.72233e-05
4.7212e-05
4.72008e-05
4.71895e-05
4.71783e-05
4.7167e-05
4.71558e-05
4.71446e-05
4.71334e-05
4.71221e-05
4.71109e-05
4.70997e-05
4.70885e-05
4.70773e-05
4.70661e-05
4.7055e-05
4.70438e-05
4.70326e-05
4.70214e-05
4.70103e-05
4.69991e-05
4.6988e-05
4.69768e-05
4.69657e-05
4.69546e-05
4.69434e-05
4.69323e-05
4.69212e-05
4.69101e-05
4.6899e-05
4.68879e-05
4.68768e-05
4.68657e-05
4.68546e-05
4.68435e-05
4.68325e-05
4.68214e-05
4.68104e-05
4.67993e-05
4.67882e-05
4.67772e-05
4.67662e-05
4.67551e-05
4.67441e-05
4.67331e-05
4.67221e-05
4.67111e-05
4.67001e-05
4.66891e-05
4.66781e-05
4.66671e-05
4.66561e-05
4.66451e-05
4.66341e-05
4.66232e-05
4.66122e-05
4.66013e-05
4.65903e-05
4.65794e-05
4.65684e-05
4.65575e-05
4.65466e-05
4.65357e-05
4.65247e-05
4.65138e-05
4.65029e-05
4.6492e-05
4.64811e-05
4.64702e-05
4.64593e-05
4.64485e-05
4.64376e-05
4.64267e-05
4.64159e-05
4.6405e-05
4.63942e-05
4.63833e-05
4.63725e-05
4.63616e-05
4.63508e-05
4.634e-05
4.63292e-05
4.63183e-05
4.63075e-05
4.62967e-05
4.62859e-05
4.62751e-05
4.62644e-05
4.62536e-05
4.62428e-05
4.6232e-05
4.62213e-05
4.62105e-05
4.61998e-05
4.6189e-05
4.61783e-05
4.61675e-05
4.61568e-05
4.61461e-05
4.61353e-05
4.61246e-05
4.61139e-05
4.61032e-05
4.60925e-05
4.60818e-05
4.60711e-05
4.60604e-05
4.60497e-05
4.60391e-05
4.60284e-05
4.60177e-05
4.60071e-05
4.59964e-05
4.59858e-05
4.59751e-05
4.59645e-05
4.59539e-05
4.59432e-05
4.59326e-05
4.5922e-05
4.59114e-05
4.59008e-05
4.58902e-05
4.58796e-05
4.5869e-05
4.58584e-05
4.58478e-05
4.58372e-05
4.58267e-05
4.58161e-05
4.58055e-05
4.5795e-05
4.57844e-05
4.57739e-05
4.57633e-05
4.57528e-05
4.57423e-05
4.57318e-05
4.57212e-05
4.57107e-05
4.57002e-05
4.56897e-05
4.56792e-05
4.56687e-05
4.56582e-05
4.56477e-05
4.56373e-05
4.56268e-05
4.56163e-05
4.56059e-05
4.55954e-05
4.5585e-05
4.55745e-05
4.55641e-05
4.55536e-05
4.55432e-05
4.55328e-05
4.55223e-05
4.55119e-05
4.55015e-05
4.54911e-05
4.54807e-05
4.54703e-05
4.54599e-05
4.54495e-05
4.54392e-05
4.54288e-05
4.54184e-05
4.5408e-05
4.53977e-05
4.53873e-05
4.5377e-05
4.53666e-05
4.53563e-05
4.5346e-05
4.53356e-05
4.53253e-05
4.5315e-05
4.53047e-05
4.52943e-05
4.5284e-05
4.52737e-05
4.52634e-05
4.52532e-05
4.52429e-05
4.52326e-05
4.52223e-05
4.5212e-05
4.52018e-05
4.51915e-05
4.51813e-05
4.5171e-05
4.51608e-05
4.51505e-05
4.51403e-05
4.513e-05
4.51198e-05
4.51096e-05
4.50994e-05
4.50892e-05
4.5079e-05
4.50688e-05
4.50586e-05
4.50484e-05
4.50382e-05
4.5028e-05
4.50178e-05
4.50077e-05
4.49975e-05
4.49873e-05
4.49772e-05
4.4967e-05
4.49569e-05
4.49467e-05
4.49366e-05
4.49264e-05
4.49163e-05
4.49062e-05
4.48961e-05
4.4886e-05
4.48759e-05
4.48657e-05
4.48556e-05
4.48456e-05
4.48355e-05
4.48254e-05
4.48153e-05
4.48052e-05
4.47952e-05
4.47851e-05
4.4775e-05
4.4765e-05
4.47549e-05
4.47449e-05
4.47348e-05
4.47248e-05
4.47148e-05
4.47047e-05
4.46947e-05
4.46847e-05
4.46747e-05
4.46647e-05
4.46547e-05
4.46447e-05
4.46347e-05
4.46247e-05
4.46147e-05
4.46047e-05
4.45948e-05
4.45848e-05
4.45748e-05
4.45649e-05
4.45549e-05
4.45449e-05
4.4535e-05
4.45251e-05
4.45151e-05
4.45052e-05
4.44953e-05
4.44853e-05
4.44754e-05
4.44655e-05
4.44556e-05
4.44457e-05
4.44358e-05
4.44259e-05
4.4416e-05
4.44061e-05
4.43962e-05
4.43864e-05
4.43765e-05
4.43666e-05
4.43568e-05
4.43469e-05
4.43371e-05
4.43272e-05
4.43174e-05
4.43075e-05
4.42977e-05
4.42879e-05
4.4278e-05
4.42682e-05
4.42584e-05
4.42486e-05
4.42388e-05
4.4229e-05
4.42192e-05
4.42094e-05
4.41996e-05
4.41898e-05
4.41801e-05
4.41703e-05
4.41605e-05
4.41507e-05
4.4141e-05
4.41312e-05
4.41215e-05
4.41117e-05
4.4102e-05
4.40923e-05
4.40825e-05
4.40728e-05
4.40631e-05
4.40534e-05
4.40436e-05
4.40339e-05
4.40242e-05
4.40145e-05
4.40048e-05
4.39951e-05
4.39855e-05
4.39758e-05
4.39661e-05
4.39564e-05
4.39467e-05
4.39371e-05
4.39274e-05
4.39178e-05
4.39081e-05
4.38985e-05
4.38888e-05
4.38792e-05
4.38696e-05
4.38599e-05
4.38503e-05
4.38407e-05
4.38311e-05
4.38215e-05
4.38119e-05
4.38023e-05
4.37927e-05
4.37831e-05
4.37735e-05
4.37639e-05
4.37543e-05
4.37447e-05
4.37352e-05
4.37256e-05
4.37161e-05
4.37065e-05
4.36969e-05
4.36874e-05
4.36779e-05
4.36683e-05
4.36588e-05
4.36492e-05
4.36397e-05
4.36302e-05
4.36207e-05
4.36112e-05
4.36017e-05
4.35922e-05
4.35827e-05
4.35732e-05
4.35637e-05
4.35542e-05
4.35447e-05
4.35352e-05
4.35258e-05
4.35163e-05
4.35068e-05
4.34974e-05
4.34879e-05
4.34785e-05
4.3469e-05
4.34596e-05
4.34501e-05
4.34407e-05
4.34313e-05
4.34219e-05
4.34124e-05
4.3403e-05
4.33936e-05
4.33842e-05
4.33748e-05
4.33654e-05
4.3356e-05
4.33466e-05
4.33372e-05
4.33278e-05
4.33185e-05
4.33091e-05
4.32997e-05
4.32904e-05
4.3281e-05
4.32717e-05
4.32623e-05
4.3253e-05
4.32436e-05
4.32343e-05
4.32249e-05
4.32156e-05
4.32063e-05
4.3197e-05
4.31876e-05
4.31783e-05
4.3169e-05
4.31597e-05
4.31504e-05
4.31411e-05
4.31318e-05
4.31226e-05
4.31133e-05
4.3104e-05
4.30947e-05
4.30854e-05
4.30762e-05
4.30669e-05
4.30577e-05
4.30484e-05
4.30392e-05
4.30299e-05
4.30207e-05
4.30114e-05
4.30022e-05
4.2993e-05
4.29838e-05
4.29745e-05
4.29653e-05
4.29561e-05
4.29469e-05
4.29377e-05
4.29285e-05
4.29193e-05
4.29101e-05
4.29009e-05
4.28918e-05
4.28826e-05
4.28734e-05
4.28642e-05
4.28551e-05
4.28459e-05
4.28368e-05
4.28276e-05
4.28185e-05
4.28093e-05
4.28002e-05
4.2791e-05
4.27819e-05
4.27728e-05
4.27637e-05
4.27545e-05
4.27454e-05
4.27363e-05
4.27272e-05
4.27181e-05
4.2709e-05
4.26999e-05
4.26908e-05
4.26817e-05
4.26727e-05
4.26636e-05
4.26545e-05
4.26454e-05
4.26364e-05
4.26273e-05
4.26183e-05
4.26092e-05
4.26002e-05
4.25911e-05
4.25821e-05
4.2573e-05
4.2564e-05
4.2555e-05
4.2546e-05
4.25369e-05
4.25279e-05
4.25189e-05
4.25099e-05
4.25009e-05
4.24919e-05
4.24829e-05
4.24739e-05
4.24649e-05
4.24559e-05
4.2447e-05
4.2438e-05
4.2429e-05
4.242e-05
4.24111e-05
4.24021e-05
4.23932e-05
4.23842e-05
4.23753e-05
4.23663e-05
4.23574e-05
4.23484e-05
4.23395e-05
4.23306e-05
4.23217e-05
4.23127e-05
4.23038e-05
4.22949e-05
4.2286e-05
4.22771e-05
4.22682e-05
4.22593e-05
4.22504e-05
4.22415e-05
4.22327e-05
4.22238e-05
4.22149e-05
4.2206e-05
4.21972e-05
4.21883e-05
4.21794e-05
4.21706e-05
4.21617e-05
4.21529e-05
4.2144e-05
4.21352e-05
4.21264e-05
4.21175e-05
4.21087e-05
4.20999e-05
4.20911e-05
4.20822e-05
4.20734e-05
4.20646e-05
4.20558e-05
4.2047e-05
4.20382e-05
4.20294e-05
4.20206e-05
4.20119e-05
4.20031e-05
4.19943e-05
4.19855e-05
4.19768e-05
4.1968e-05
4.19592e-05
4.19505e-05
4.19417e-05
4.1933e-05
4.19242e-05
4.19155e-05
4.19067e-05
4.1898e-05
4.18893e-05
4.18806e-05
4.18718e-05
4.18631e-05
4.18544e-05
4.18457e-05
4.1837e-05
4.18283e-05
4.18196e-05
4.18109e-05
4.18022e-05
4.17935e-05
4.17848e-05
4.17761e-05
4.17675e-05
4.17588e-05
4.17501e-05
4.17415e-05
4.17328e-05
4.17241e-05
4.17155e-05
4.17068e-05
4.16982e-05
4.16895e-05
4.16809e-05
4.16723e-05
4.16636e-05
4.1655e-05
4.16464e-05
4.16378e-05
4.16292e-05
4.16206e-05
4.16119e-05
4.16033e-05
4.15947e-05
4.15861e-05
4.15776e-05
4.1569e-05
4.15604e-05
4.15518e-05
4.15432e-05
4.15346e-05
4.15261e-05
4.15175e-05
4.15089e-05
4.15004e-05
4.14918e-05
4.14833e-05
4.14747e-05
4.14662e-05
4.14577e-05
4.14491e-05
4.14406e-05
4.14321e-05
4.14235e-05
4.1415e-05
4.14065e-05
4.1398e-05
4.13895e-05
4.1381e-05
4.13725e-05
4.1364e-05
4.13555e-05
4.1347e-05
4.13385e-05
4.133e-05
4.13215e-05
4.1313e-05
4.13046e-05
4.12961e-05
4.12876e-05
4.12792e-05
4.12707e-05
4.12623e-05
4.12538e-05
4.12454e-05
4.12369e-05
4.12285e-05
4.12201e-05
4.12116e-05
4.12032e-05
4.11948e-05
4.11863e-05
