0.0735202
0.0394757
0.0274375
0.0211959
0.0173503
0.0147322
0.0128293
0.0113808
0.0102396
0.00931599
0.00855249
0.00791023
0.0073621
0.00688852
0.00647506
0.00611078
0.00578729
0.00549799
0.00523766
0.00500209
0.00478785
0.00459214
0.0044126
0.00424729
0.00409455
0.00395297
0.00382137
0.0036987
0.00358406
0.00347669
0.0033759
0.0032811
0.00319176
0.0031074
0.00302763
0.00295207
0.00288039
0.00281229
0.00274751
0.0026858
0.00262696
0.00257077
0.00251707
0.00246568
0.00241647
0.00236928
0.00232401
0.00228052
0.00223872
0.00219851
0.0021598
0.00212249
0.00208653
0.00205183
0.00201833
0.00198596
0.00195468
0.00192441
0.00189512
0.00186676
0.00183928
0.00181264
0.00178681
0.00176174
0.0017374
0.00171377
0.0016908
0.00166848
0.00164677
0.00162564
0.00160509
0.00158507
0.00156558
0.00154658
0.00152807
0.00151002
0.00149241
0.00147524
0.00145847
0.0014421
0.00142612
0.00141051
0.00139525
0.00138034
0.00136576
0.0013515
0.00133756
0.00132391
0.00131056
0.00129749
0.00128469
0.00127215
0.00125987
0.00124784
0.00123605
0.00122449
0.00121316
0.00120205
0.00119115
0.00118046
0.00116997
0.00115967
0.00114957
0.00113964
0.0011299
0.00112033
0.00111093
0.0011017
0.00109263
0.00108371
0.00107495
0.00106633
0.00105786
0.00104954
0.00104134
0.00103329
0.00102536
0.00101756
0.00100988
0.00100233
0.000994896
0.000987577
0.00098037
0.000973274
0.000966285
0.000959402
0.000952622
0.000945942
0.00093936
0.000932875
0.000926484
0.000920184
0.000913974
0.000907853
0.000901817
0.000895865
0.000889996
0.000884208
0.000878499
0.000872867
0.000867311
0.000861829
0.00085642
0.000851082
0.000845814
0.000840615
0.000835483
0.000830416
0.000825414
0.000820476
0.000815599
0.000810783
0.000806027
0.00080133
0.00079669
0.000792107
0.000787579
0.000783105
0.000778685
0.000774317
0.000770001
0.000765735
0.000761519
0.000757352
0.000753233
0.00074916
0.000745134
0.000741154
0.000737218
0.000733326
0.000729478
0.000725671
0.000721907
0.000718184
0.000714501
0.000710857
0.000707253
0.000703687
0.000700159
0.000696668
0.000693214
0.000689796
0.000686413
0.000683065
0.000679752
0.000676472
0.000673226
0.000670012
0.000666831
0.000663681
0.000660563
0.000657475
0.000654418
0.000651391
0.000648393
0.000645424
0.000642484
0.000639572
0.000636688
0.000633831
0.000631001
0.000628198
0.000625421
0.000622669
0.000619944
0.000617243
0.000614567
0.000611916
0.000609288
0.000606684
0.000604104
0.000601547
0.000599013
0.000596501
0.000594011
0.000591543
0.000589097
0.000586672
0.000584268
0.000581885
0.000579522
0.000577179
0.000574857
0.000572554
0.00057027
0.000568006
0.00056576
0.000563533
0.000561325
0.000559135
0.000556963
0.000554809
0.000552672
0.000550552
0.00054845
0.000546365
0.000544296
0.000542244
0.000540208
0.000538188
0.000536184
0.000534196
0.000532223
0.000530265
0.000528323
0.000526396
0.000524484
0.000522586
0.000520702
0.000518833
0.000516978
0.000515138
0.00051331
0.000511497
0.000509697
0.00050791
0.000506137
0.000504376
0.000502629
0.000500894
0.000499172
0.000497462
0.000495765
0.00049408
0.000492407
0.000490746
0.000489096
0.000487459
0.000485833
0.000484218
0.000482615
0.000481022
0.000479441
0.000477871
0.000476312
0.000474763
0.000473225
0.000471698
0.000470181
0.000468674
0.000467177
0.00046569
0.000464214
0.000462747
0.00046129
0.000459843
0.000458405
0.000456977
0.000455558
0.000454148
0.000452748
0.000451356
0.000449974
0.000448601
0.000447236
0.00044588
0.000444533
0.000443195
0.000441865
0.000440543
0.00043923
0.000437925
0.000436628
0.000435339
0.000434058
0.000432785
0.00043152
0.000430263
0.000429014
0.000427772
0.000426537
0.000425311
0.000424091
0.000422879
0.000421675
0.000420477
0.000419287
0.000418104
0.000416928
0.000415759
0.000414597
0.000413441
0.000412293
0.000411151
0.000410016
0.000408887
0.000407765
0.00040665
0.00040554
0.000404438
0.000403341
0.000402251
0.000401167
0.000400089
0.000399018
0.000397952
0.000396893
0.000395839
0.000394791
0.000393749
0.000392713
0.000391683
0.000390658
0.000389639
0.000388626
0.000387618
0.000386615
0.000385619
0.000384627
0.000383641
0.00038266
0.000381685
0.000380715
0.00037975
0.00037879
0.000377835
0.000376885
0.000375941
0.000375001
0.000374066
0.000373137
0.000372212
0.000371292
0.000370376
0.000369466
0.00036856
0.000367659
0.000366762
0.00036587
0.000364983
0.0003641
0.000363222
0.000362348
0.000361479
0.000360614
0.000359754
0.000358897
0.000358045
0.000357198
0.000356354
0.000355515
0.00035468
0.000353849
0.000353022
0.000352199
0.000351381
0.000350566
0.000349755
0.000348948
0.000348145
0.000347347
0.000346551
0.00034576
0.000344973
0.000344189
0.000343409
0.000342633
0.000341861
0.000341092
0.000340327
0.000339565
0.000338807
0.000338053
0.000337302
0.000336555
0.000335811
0.000335071
0.000334334
0.0003336
0.00033287
0.000332143
0.00033142
0.0003307
0.000329983
0.00032927
0.000328559
0.000327853
0.000327149
0.000326448
0.000325751
0.000325056
0.000324365
0.000323677
0.000322992
0.00032231
0.000321631
0.000320956
0.000320283
0.000319613
0.000318946
0.000318282
0.000317621
0.000316963
0.000316307
0.000315655
0.000315005
0.000314358
0.000313714
0.000313073
0.000312435
0.000311799
0.000311166
0.000310536
0.000309908
0.000309283
0.000308661
0.000308042
0.000307425
0.00030681
0.000306198
0.000305589
0.000304983
0.000304379
0.000303777
0.000303178
0.000302581
0.000301987
0.000301396
0.000300806
0.00030022
0.000299635
0.000299053
0.000298474
0.000297897
0.000297322
0.000296749
0.000296179
0.000295611
0.000295046
0.000294483
0.000293922
0.000293363
0.000292806
0.000292252
0.0002917
0.00029115
0.000290602
0.000290057
0.000289514
0.000288972
0.000288433
0.000287896
0.000287362
0.000286829
0.000286298
0.00028577
0.000285243
0.000284719
0.000284196
0.000283676
0.000283157
0.000282641
0.000282127
0.000281614
0.000281104
0.000280595
0.000280089
0.000279584
0.000279081
0.00027858
0.000278081
0.000277584
0.000277089
0.000276596
0.000276104
0.000275615
0.000275127
0.000274641
0.000274157
0.000273675
0.000273194
0.000272715
0.000272238
0.000271763
0.00027129
0.000270818
0.000270348
0.00026988
0.000269413
0.000268948
0.000268485
0.000268023
0.000267564
0.000267105
0.000266649
0.000266194
0.000265741
0.000265289
0.000264839
0.000264391
0.000263944
0.000263499
0.000263055
0.000262613
0.000262173
0.000261734
0.000261297
0.000260861
0.000260427
0.000259994
0.000259563
0.000259133
0.000258705
0.000258278
0.000257853
0.000257429
0.000257007
0.000256586
0.000256167
0.000255749
0.000255332
0.000254917
0.000254504
0.000254092
0.000253681
0.000253271
0.000252863
0.000252457
0.000252052
0.000251648
0.000251245
0.000250844
0.000250444
0.000250046
0.000249649
0.000249253
0.000248859
0.000248466
0.000248074
0.000247683
0.000247294
0.000246906
0.00024652
0.000246134
0.00024575
0.000245367
0.000244986
0.000244605
0.000244226
0.000243849
0.000243472
0.000243097
0.000242722
0.00024235
0.000241978
0.000241607
0.000241238
0.00024087
0.000240503
0.000240137
0.000239773
0.000239409
0.000239047
0.000238686
0.000238326
0.000237967
0.00023761
0.000237253
0.000236898
0.000236543
0.00023619
0.000235838
0.000235487
0.000235137
0.000234789
0.000234441
0.000234095
0.000233749
0.000233405
0.000233061
0.000232719
0.000232378
0.000232038
0.000231699
0.000231361
0.000231024
0.000230688
0.000230353
0.000230019
0.000229686
0.000229354
0.000229023
0.000228693
0.000228365
0.000228037
0.00022771
0.000227384
0.000227059
0.000226735
0.000226412
0.00022609
0.000225769
0.000225449
0.00022513
0.000224812
0.000224495
0.000224179
0.000223864
0.000223549
0.000223236
0.000222923
0.000222612
0.000222301
0.000221991
0.000221683
0.000221375
0.000221068
0.000220762
0.000220456
0.000220152
0.000219849
0.000219546
0.000219245
0.000218944
0.000218644
0.000218345
0.000218047
0.000217749
0.000217453
0.000217157
0.000216862
0.000216568
0.000216275
0.000215983
0.000215692
0.000215401
0.000215111
0.000214822
0.000214534
0.000214247
0.000213961
0.000213675
0.00021339
0.000213106
0.000212823
0.00021254
0.000212258
0.000211978
0.000211697
0.000211418
0.00021114
0.000210862
0.000210585
0.000210309
0.000210033
0.000209758
0.000209484
0.000209211
0.000208939
0.000208667
0.000208396
0.000208126
0.000207856
0.000207588
0.00020732
0.000207052
0.000206786
0.00020652
0.000206255
0.000205991
0.000205727
0.000205464
0.000205202
0.00020494
0.000204679
0.000204419
0.00020416
0.000203901
0.000203643
0.000203386
0.000203129
0.000202873
0.000202618
0.000202363
0.000202109
0.000201856
0.000201603
0.000201352
0.0002011
0.00020085
0.0002006
0.00020035
0.000200102
0.000199854
0.000199606
0.00019936
0.000199114
0.000198868
0.000198624
0.000198379
0.000198136
0.000197893
0.000197651
0.000197409
0.000197168
0.000196928
0.000196688
0.000196449
0.000196211
0.000195973
0.000195735
0.000195499
0.000195263
0.000195027
0.000194792
0.000194558
0.000194324
0.000194091
0.000193859
0.000193627
0.000193395
0.000193165
0.000192934
0.000192705
0.000192476
0.000192247
0.00019202
0.000191792
0.000191566
0.000191339
0.000191114
0.000190889
0.000190664
0.00019044
0.000190217
0.000189994
0.000189772
0.00018955
0.000189329
0.000189108
0.000188888
0.000188669
0.00018845
0.000188231
0.000188013
0.000187796
0.000187579
0.000187363
0.000187147
0.000186932
0.000186717
0.000186503
0.000186289
0.000186076
0.000185863
0.000185651
0.000185439
0.000185228
0.000185018
0.000184808
0.000184598
0.000184389
0.00018418
0.000183972
0.000183764
0.000183557
0.000183351
0.000183144
0.000182939
0.000182734
0.000182529
0.000182325
0.000182121
0.000181918
0.000181715
0.000181513
0.000181311
0.00018111
0.000180909
0.000180708
0.000180508
0.000180309
0.00018011
0.000179911
0.000179713
0.000179516
0.000179319
0.000179122
0.000178926
0.00017873
0.000178535
0.00017834
0.000178145
0.000177951
0.000177758
0.000177565
0.000177372
0.00017718
0.000176988
0.000176797
0.000176606
0.000176415
0.000176225
0.000176036
0.000175847
0.000175658
0.00017547
0.000175282
0.000175094
0.000174907
0.000174721
0.000174534
0.000174349
0.000174163
0.000173978
0.000173794
0.00017361
0.000173426
0.000173243
0.00017306
0.000172878
0.000172695
0.000172514
0.000172333
0.000172152
0.000171971
0.000171791
0.000171612
0.000171432
0.000171254
0.000171075
0.000170897
0.000170719
0.000170542
0.000170365
0.000170189
0.000170012
0.000169837
0.000169661
0.000169486
0.000169312
0.000169138
0.000168964
0.00016879
0.000168617
0.000168445
0.000168272
0.0001681
0.000167929
0.000167757
0.000167587
0.000167416
0.000167246
0.000167076
0.000166907
0.000166738
0.000166569
0.000166401
0.000166233
0.000166065
0.000165898
0.000165731
0.000165565
0.000165399
0.000165233
0.000165067
0.000164902
0.000164737
0.000164573
0.000164409
0.000164245
0.000164082
0.000163919
0.000163756
0.000163594
0.000163432
0.00016327
0.000163109
0.000162948
0.000162787
0.000162627
0.000162467
0.000162307
0.000162148
0.000161989
0.00016183
0.000161672
0.000161514
0.000161356
0.000161199
0.000161042
0.000160885
0.000160729
0.000160573
0.000160417
0.000160261
0.000160106
0.000159951
0.000159797
0.000159643
0.000159489
0.000159335
0.000159182
0.000159029
0.000158877
0.000158724
0.000158572
0.000158421
0.000158269
0.000158118
0.000157967
0.000157817
0.000157667
0.000157517
0.000157367
0.000157218
0.000157069
0.000156921
0.000156772
0.000156624
0.000156476
0.000156329
0.000156182
0.000156035
0.000155888
0.000155742
0.000155596
0.00015545
0.000155305
0.00015516
0.000155015
0.00015487
0.000154726
0.000154582
0.000154438
0.000154295
0.000154152
0.000154009
0.000153866
0.000153724
0.000153582
0.00015344
0.000153298
0.000153157
0.000153016
0.000152876
0.000152735
0.000152595
0.000152455
0.000152316
0.000152176
0.000152037
0.000151899
0.00015176
0.000151622
0.000151484
0.000151346
0.000151209
0.000151072
0.000150935
0.000150798
0.000150662
0.000150525
0.00015039
0.000150254
0.000150119
0.000149984
0.000149849
0.000149714
0.00014958
0.000149446
0.000149312
0.000149178
0.000149045
0.000148912
0.000148779
0.000148647
0.000148514
0.000148382
0.00014825
0.000148119
0.000147988
0.000147856
0.000147726
0.000147595
0.000147465
0.000147335
0.000147205
0.000147075
0.000146946
0.000146817
0.000146688
0.000146559
0.000146431
0.000146302
0.000146175
0.000146047
0.000145919
0.000145792
0.000145665
0.000145538
0.000145412
0.000145286
0.000145159
0.000145034
0.000144908
0.000144783
0.000144658
0.000144533
0.000144408
0.000144283
0.000144159
0.000144035
0.000143911
0.000143788
0.000143665
0.000143541
0.000143419
0.000143296
0.000143173
0.000143051
0.000142929
0.000142807
0.000142686
0.000142564
0.000142443
0.000142322
0.000142202
0.000142081
0.000141961
0.000141841
0.000141721
0.000141602
0.000141482
0.000141363
0.000141244
0.000141125
0.000141007
0.000140888
0.00014077
0.000140652
0.000140534
0.000140417
0.0001403
0.000140183
0.000140066
0.000139949
0.000139832
0.000139716
0.0001396
0.000139484
0.000139369
0.000139253
0.000139138
0.000139023
0.000138908
0.000138793
0.000138679
0.000138565
0.000138451
0.000138337
0.000138223
0.00013811
0.000137996
0.000137883
0.00013777
0.000137658
0.000137545
0.000137433
0.000137321
0.000137209
0.000137097
0.000136986
0.000136874
0.000136763
0.000136652
0.000136541
0.000136431
0.000136321
0.00013621
0.0001361
0.000135991
0.000135881
0.000135771
0.000135662
0.000135553
0.000135444
0.000135336
0.000135227
0.000135119
0.000135011
0.000134903
0.000134795
0.000134687
0.00013458
0.000134473
0.000134366
0.000134259
0.000134152
0.000134045
0.000133939
0.000133833
0.000133727
0.000133621
0.000133516
0.00013341
0.000133305
0.0001332
0.000133095
0.00013299
0.000132885
0.000132781
0.000132677
0.000132573
0.000132469
0.000132365
0.000132262
0.000132158
0.000132055
0.000131952
0.000131849
0.000131747
0.000131644
0.000131542
0.000131439
0.000131337
0.000131236
0.000131134
0.000131032
0.000130931
0.00013083
0.000130729
0.000130628
0.000130527
0.000130427
0.000130326
0.000130226
0.000130126
0.000130026
0.000129927
0.000129827
0.000129728
0.000129628
0.000129529
0.00012943
0.000129332
0.000129233
0.000129135
0.000129036
0.000128938
0.00012884
0.000128743
0.000128645
0.000128547
0.00012845
0.000128353
0.000128256
0.000128159
0.000128062
0.000127966
0.000127869
0.000127773
0.000127677
0.000127581
0.000127485
0.00012739
0.000127294
0.000127199
0.000127104
0.000127009
0.000126914
0.000126819
0.000126724
0.00012663
0.000126536
0.000126442
0.000126348
0.000126254
0.00012616
0.000126067
0.000125973
0.00012588
0.000125787
0.000125694
0.000125601
0.000125508
0.000125416
0.000125323
0.000125231
0.000125139
0.000125047
0.000124955
0.000124864
0.000124772
0.000124681
0.000124589
0.000124498
0.000124407
0.000124317
0.000124226
0.000124135
0.000124045
0.000123955
0.000123865
0.000123775
0.000123685
0.000123595
0.000123505
0.000123416
0.000123327
0.000123238
0.000123148
0.00012306
0.000122971
0.000122882
0.000122794
0.000122705
0.000122617
0.000122529
0.000122441
0.000122353
0.000122266
0.000122178
0.000122091
0.000122003
0.000121916
0.000121829
0.000121742
0.000121656
0.000121569
0.000121482
0.000121396
0.00012131
0.000121224
0.000121138
0.000121052
0.000120966
0.000120881
0.000120795
0.00012071
0.000120625
0.00012054
0.000120455
0.00012037
0.000120285
0.0001202
0.000120116
0.000120032
0.000119947
0.000119863
0.000119779
0.000119696
0.000119612
0.000119528
0.000119445
0.000119362
0.000119278
0.000119195
0.000119112
0.000119029
0.000118947
0.000118864
0.000118782
0.000118699
0.000118617
0.000118535
0.000118453
0.000118371
0.000118289
0.000118208
0.000118126
0.000118045
0.000117963
0.000117882
0.000117801
0.00011772
0.000117639
0.000117559
0.000117478
0.000117398
0.000117317
0.000117237
0.000117157
0.000117077
0.000116997
0.000116917
0.000116838
0.000116758
0.000116679
0.000116599
0.00011652
0.000116441
0.000116362
0.000116283
0.000116205
0.000116126
0.000116048
0.000115969
0.000115891
0.000115813
0.000115735
0.000115657
0.000115579
0.000115501
0.000115423
0.000115346
0.000115268
0.000115191
0.000115114
0.000115037
0.00011496
0.000114883
0.000114806
0.00011473
0.000114653
0.000114577
0.0001145
0.000114424
0.000114348
0.000114272
0.000114196
0.00011412
0.000114045
0.000113969
0.000113894
0.000113818
0.000113743
0.000113668
0.000113593
0.000113518
0.000113443
0.000113368
0.000113294
0.000113219
0.000113145
0.000113071
0.000112996
0.000112922
0.000112848
0.000112774
0.000112701
0.000112627
0.000112553
0.00011248
0.000112406
0.000112333
0.00011226
0.000112187
0.000112114
0.000112041
0.000111968
0.000111895
0.000111823
0.00011175
0.000111678
0.000111606
0.000111533
0.000111461
0.000111389
0.000111317
0.000111246
0.000111174
0.000111102
0.000111031
0.000110959
0.000110888
0.000110817
0.000110746
0.000110675
0.000110604
0.000110533
0.000110462
0.000110392
0.000110321
0.000110251
0.00011018
0.00011011
0.00011004
0.00010997
0.0001099
0.00010983
0.00010976
0.00010969
0.000109621
0.000109551
0.000109482
0.000109413
0.000109343
0.000109274
0.000109205
0.000109136
0.000109067
0.000108999
0.00010893
0.000108861
0.000108793
0.000108724
0.000108656
0.000108588
0.00010852
0.000108452
0.000108384
0.000108316
0.000108248
0.00010818
0.000108113
0.000108045
0.000107978
0.000107911
0.000107843
0.000107776
0.000107709
0.000107642
0.000107575
0.000107509
0.000107442
0.000107375
0.000107309
0.000107242
0.000107176
0.00010711
0.000107043
0.000106977
0.000106911
0.000106845
0.00010678
0.000106714
0.000106648
0.000106583
0.000106517
0.000106452
0.000106386
0.000106321
0.000106256
0.000106191
0.000106126
0.000106061
0.000105996
0.000105931
0.000105867
0.000105802
0.000105738
0.000105673
0.000105609
0.000105545
0.000105481
0.000105416
0.000105352
0.000105289
0.000105225
0.000105161
0.000105097
0.000105034
0.00010497
0.000104907
0.000104843
0.00010478
0.000104717
0.000104654
0.000104591
0.000104528
0.000104465
0.000104402
0.00010434
0.000104277
0.000104215
0.000104152
0.00010409
0.000104027
0.000103965
0.000103903
0.000103841
0.000103779
0.000103717
0.000103655
0.000103593
0.000103532
0.00010347
0.000103409
0.000103347
0.000103286
0.000103225
0.000103163
0.000103102
0.000103041
0.00010298
0.000102919
0.000102858
0.000102798
0.000102737
0.000102676
0.000102616
0.000102555
0.000102495
0.000102435
0.000102375
0.000102314
0.000102254
0.000102194
0.000102134
0.000102074
0.000102015
0.000101955
0.000101895
0.000101836
0.000101776
0.000101717
0.000101658
0.000101598
0.000101539
0.00010148
0.000101421
0.000101362
0.000101303
0.000101244
0.000101186
0.000101127
0.000101068
0.00010101
0.000100951
0.000100893
0.000100834
0.000100776
0.000100718
0.00010066
0.000100602
0.000100544
0.000100486
0.000100428
0.00010037
0.000100313
0.000100255
0.000100198
0.00010014
0.000100083
0.000100025
9.99681e-05
9.99109e-05
9.98537e-05
9.97967e-05
9.97397e-05
9.96828e-05
9.96259e-05
9.95691e-05
9.95124e-05
9.94557e-05
9.93992e-05
9.93426e-05
9.92862e-05
9.92298e-05
9.91735e-05
9.91173e-05
9.90611e-05
9.9005e-05
9.89489e-05
9.88929e-05
9.8837e-05
9.87812e-05
9.87254e-05
9.86697e-05
9.86141e-05
9.85585e-05
9.8503e-05
9.84475e-05
9.83922e-05
9.83368e-05
9.82816e-05
9.82264e-05
9.81713e-05
9.81163e-05
9.80613e-05
9.80064e-05
9.79515e-05
9.78967e-05
9.7842e-05
9.77873e-05
9.77327e-05
9.76782e-05
9.76237e-05
9.75693e-05
9.7515e-05
9.74607e-05
9.74065e-05
9.73524e-05
9.72983e-05
9.72443e-05
9.71903e-05
9.71364e-05
9.70826e-05
9.70288e-05
9.69751e-05
9.69215e-05
9.68679e-05
9.68144e-05
9.67609e-05
9.67075e-05
9.66542e-05
9.66009e-05
9.65477e-05
9.64946e-05
9.64415e-05
9.63885e-05
9.63355e-05
9.62826e-05
9.62298e-05
9.6177e-05
9.61243e-05
9.60716e-05
9.60191e-05
9.59665e-05
9.59141e-05
9.58616e-05
9.58093e-05
9.5757e-05
9.57048e-05
9.56526e-05
9.56005e-05
9.55485e-05
9.54965e-05
9.54445e-05
9.53927e-05
9.53409e-05
9.52891e-05
9.52374e-05
9.51858e-05
9.51342e-05
9.50827e-05
9.50313e-05
9.49799e-05
9.49285e-05
9.48773e-05
9.4826e-05
9.47749e-05
9.47238e-05
9.46727e-05
9.46218e-05
9.45708e-05
9.452e-05
9.44691e-05
9.44184e-05
9.43677e-05
9.43171e-05
9.42665e-05
9.4216e-05
9.41655e-05
9.41151e-05
9.40647e-05
9.40144e-05
9.39642e-05
9.3914e-05
9.38639e-05
9.38138e-05
9.37638e-05
9.37139e-05
9.3664e-05
9.36141e-05
9.35643e-05
9.35146e-05
9.34649e-05
9.34153e-05
9.33657e-05
9.33162e-05
9.32668e-05
9.32174e-05
9.3168e-05
9.31187e-05
9.30695e-05
9.30203e-05
9.29712e-05
9.29221e-05
9.28731e-05
9.28242e-05
9.27753e-05
9.27264e-05
9.26776e-05
9.26289e-05
9.25802e-05
9.25316e-05
9.2483e-05
9.24345e-05
9.2386e-05
9.23376e-05
9.22892e-05
9.22409e-05
9.21927e-05
9.21445e-05
9.20963e-05
9.20482e-05
9.20002e-05
9.19522e-05
9.19042e-05
9.18563e-05
9.18085e-05
9.17607e-05
9.1713e-05
9.16653e-05
9.16177e-05
9.15701e-05
9.15226e-05
9.14752e-05
9.14278e-05
9.13804e-05
9.13331e-05
9.12858e-05
9.12386e-05
9.11915e-05
9.11444e-05
9.10973e-05
9.10503e-05
9.10034e-05
9.09565e-05
9.09096e-05
9.08628e-05
9.08161e-05
9.07694e-05
9.07227e-05
9.06761e-05
9.06296e-05
9.05831e-05
9.05367e-05
9.04903e-05
9.04439e-05
9.03977e-05
9.03514e-05
9.03052e-05
9.02591e-05
9.0213e-05
9.0167e-05
9.0121e-05
9.0075e-05
9.00291e-05
8.99833e-05
8.99375e-05
8.98917e-05
8.98461e-05
8.98004e-05
8.97548e-05
8.97093e-05
8.96638e-05
8.96183e-05
8.95729e-05
8.95276e-05
8.94823e-05
8.9437e-05
8.93918e-05
8.93466e-05
8.93015e-05
8.92565e-05
8.92114e-05
8.91665e-05
8.91216e-05
8.90767e-05
8.90319e-05
8.89871e-05
8.89424e-05
8.88977e-05
8.8853e-05
8.88085e-05
8.87639e-05
8.87194e-05
8.8675e-05
8.86306e-05
8.85862e-05
8.85419e-05
8.84977e-05
8.84535e-05
8.84093e-05
8.83652e-05
8.83211e-05
8.82771e-05
8.82331e-05
8.81892e-05
8.81453e-05
8.81015e-05
8.80577e-05
8.80139e-05
8.79702e-05
8.79266e-05
8.7883e-05
8.78394e-05
8.77959e-05
8.77524e-05
8.7709e-05
8.76656e-05
8.76223e-05
8.7579e-05
8.75357e-05
8.74925e-05
8.74494e-05
8.74063e-05
8.73632e-05
8.73202e-05
8.72772e-05
8.72343e-05
8.71914e-05
8.71486e-05
8.71058e-05
8.7063e-05
8.70203e-05
8.69776e-05
8.6935e-05
8.68924e-05
8.68499e-05
8.68074e-05
8.6765e-05
8.67226e-05
8.66802e-05
8.66379e-05
8.65956e-05
8.65534e-05
8.65112e-05
8.64691e-05
8.6427e-05
8.63849e-05
8.63429e-05
8.6301e-05
8.62591e-05
8.62172e-05
8.61753e-05
8.61335e-05
8.60918e-05
8.60501e-05
8.60084e-05
8.59668e-05
8.59252e-05
8.58837e-05
8.58422e-05
8.58007e-05
8.57593e-05
8.5718e-05
8.56766e-05
8.56354e-05
8.55941e-05
8.55529e-05
8.55118e-05
8.54706e-05
8.54296e-05
8.53885e-05
8.53475e-05
8.53066e-05
8.52657e-05
8.52248e-05
8.5184e-05
8.51432e-05
8.51025e-05
8.50618e-05
8.50211e-05
8.49805e-05
8.49399e-05
8.48994e-05
8.48589e-05
8.48184e-05
8.4778e-05
8.47376e-05
8.46973e-05
8.4657e-05
8.46168e-05
8.45766e-05
8.45364e-05
8.44963e-05
8.44562e-05
8.44161e-05
8.43761e-05
8.43361e-05
8.42962e-05
8.42563e-05
8.42165e-05
8.41767e-05
8.41369e-05
8.40972e-05
8.40575e-05
8.40178e-05
8.39782e-05
8.39386e-05
8.38991e-05
8.38596e-05
8.38202e-05
8.37807e-05
8.37414e-05
8.3702e-05
8.36627e-05
8.36235e-05
8.35843e-05
8.35451e-05
8.35059e-05
8.34668e-05
8.34278e-05
8.33887e-05
8.33497e-05
8.33108e-05
8.32719e-05
8.3233e-05
8.31942e-05
8.31554e-05
8.31166e-05
8.30779e-05
8.30392e-05
8.30006e-05
8.2962e-05
8.29234e-05
8.28849e-05
8.28464e-05
8.28079e-05
8.27695e-05
8.27312e-05
8.26928e-05
8.26545e-05
8.26162e-05
8.2578e-05
8.25398e-05
8.25017e-05
8.24636e-05
8.24255e-05
8.23874e-05
8.23494e-05
8.23115e-05
8.22735e-05
8.22356e-05
8.21978e-05
8.216e-05
8.21222e-05
8.20844e-05
8.20467e-05
8.20091e-05
8.19714e-05
8.19338e-05
8.18963e-05
8.18587e-05
8.18212e-05
8.17838e-05
8.17464e-05
8.1709e-05
8.16716e-05
8.16343e-05
8.15971e-05
8.15598e-05
8.15226e-05
8.14855e-05
8.14483e-05
8.14112e-05
8.13742e-05
8.13371e-05
8.13002e-05
8.12632e-05
8.12263e-05
8.11894e-05
8.11526e-05
8.11158e-05
8.1079e-05
8.10422e-05
8.10055e-05
8.09689e-05
8.09322e-05
8.08956e-05
8.08591e-05
8.08225e-05
8.0786e-05
8.07496e-05
8.07132e-05
8.06768e-05
8.06404e-05
8.06041e-05
8.05678e-05
8.05316e-05
8.04953e-05
8.04592e-05
8.0423e-05
8.03869e-05
8.03508e-05
8.03148e-05
8.02788e-05
8.02428e-05
8.02068e-05
8.01709e-05
8.01351e-05
8.00992e-05
8.00634e-05
8.00276e-05
7.99919e-05
7.99562e-05
7.99205e-05
7.98849e-05
7.98493e-05
7.98137e-05
7.97782e-05
7.97427e-05
7.97072e-05
7.96718e-05
7.96363e-05
7.9601e-05
7.95656e-05
7.95303e-05
7.94951e-05
7.94598e-05
7.94246e-05
7.93894e-05
7.93543e-05
7.93192e-05
7.92841e-05
7.92491e-05
7.92141e-05
7.91791e-05
7.91442e-05
7.91092e-05
7.90744e-05
7.90395e-05
7.90047e-05
7.89699e-05
7.89352e-05
7.89005e-05
7.88658e-05
7.88311e-05
7.87965e-05
7.87619e-05
7.87274e-05
7.86928e-05
7.86584e-05
7.86239e-05
7.85895e-05
7.85551e-05
7.85207e-05
7.84864e-05
7.84521e-05
7.84178e-05
7.83836e-05
7.83494e-05
7.83152e-05
7.8281e-05
7.82469e-05
7.82129e-05
7.81788e-05
7.81448e-05
7.81108e-05
7.80769e-05
7.80429e-05
7.8009e-05
7.79752e-05
7.79414e-05
7.79076e-05
7.78738e-05
7.784e-05
7.78063e-05
7.77727e-05
7.7739e-05
7.77054e-05
7.76718e-05
7.76383e-05
7.76048e-05
7.75713e-05
7.75378e-05
7.75044e-05
7.7471e-05
7.74376e-05
7.74043e-05
7.7371e-05
7.73377e-05
7.73044e-05
7.72712e-05
7.7238e-05
7.72049e-05
7.71717e-05
7.71387e-05
7.71056e-05
7.70725e-05
7.70395e-05
7.70066e-05
7.69736e-05
7.69407e-05
7.69078e-05
7.6875e-05
7.68421e-05
7.68093e-05
7.67766e-05
7.67438e-05
7.67111e-05
7.66784e-05
7.66458e-05
7.66132e-05
7.65806e-05
7.6548e-05
7.65155e-05
7.6483e-05
7.64505e-05
7.6418e-05
7.63856e-05
7.63532e-05
7.63209e-05
7.62885e-05
7.62562e-05
7.6224e-05
7.61917e-05
7.61595e-05
7.61273e-05
7.60952e-05
7.6063e-05
7.60309e-05
7.59989e-05
7.59668e-05
7.59348e-05
7.59028e-05
7.58709e-05
7.58389e-05
7.5807e-05
7.57752e-05
7.57433e-05
7.57115e-05
7.56797e-05
7.5648e-05
7.56162e-05
7.55845e-05
7.55529e-05
7.55212e-05
7.54896e-05
7.5458e-05
7.54264e-05
7.53949e-05
7.53634e-05
7.53319e-05
7.53005e-05
7.52691e-05
7.52377e-05
7.52063e-05
7.5175e-05
7.51436e-05
7.51124e-05
7.50811e-05
7.50499e-05
7.50187e-05
7.49875e-05
7.49563e-05
7.49252e-05
7.48941e-05
7.48631e-05
7.4832e-05
7.4801e-05
7.477e-05
7.47391e-05
7.47081e-05
7.46772e-05
7.46464e-05
7.46155e-05
7.45847e-05
7.45539e-05
7.45231e-05
7.44924e-05
7.44617e-05
7.4431e-05
7.44003e-05
7.43697e-05
7.43391e-05
7.43085e-05
7.42779e-05
7.42474e-05
7.42169e-05
7.41864e-05
7.4156e-05
7.41256e-05
7.40952e-05
7.40648e-05
7.40345e-05
7.40042e-05
7.39739e-05
7.39436e-05
7.39134e-05
7.38831e-05
7.3853e-05
7.38228e-05
7.37927e-05
7.37626e-05
7.37325e-05
7.37024e-05
7.36724e-05
7.36424e-05
7.36124e-05
7.35825e-05
7.35525e-05
7.35226e-05
7.34928e-05
7.34629e-05
7.34331e-05
7.34033e-05
7.33735e-05
7.33438e-05
7.3314e-05
7.32843e-05
7.32547e-05
7.3225e-05
7.31954e-05
7.31658e-05
7.31362e-05
7.31067e-05
7.30772e-05
7.30477e-05
7.30182e-05
7.29888e-05
7.29594e-05
7.293e-05
7.29006e-05
7.28713e-05
7.28419e-05
7.28126e-05
7.27834e-05
7.27541e-05
7.27249e-05
7.26957e-05
7.26665e-05
7.26374e-05
7.26083e-05
7.25792e-05
7.25501e-05
7.25211e-05
7.2492e-05
7.24631e-05
7.24341e-05
7.24051e-05
7.23762e-05
7.23473e-05
7.23184e-05
7.22896e-05
7.22608e-05
7.2232e-05
7.22032e-05
7.21744e-05
7.21457e-05
7.2117e-05
7.20883e-05
7.20597e-05
7.2031e-05
7.20024e-05
7.19738e-05
7.19453e-05
7.19167e-05
7.18882e-05
7.18597e-05
7.18313e-05
7.18028e-05
7.17744e-05
7.1746e-05
7.17176e-05
7.16893e-05
7.1661e-05
7.16327e-05
7.16044e-05
7.15762e-05
7.15479e-05
7.15197e-05
7.14915e-05
7.14634e-05
7.14353e-05
7.14071e-05
7.13791e-05
7.1351e-05
7.1323e-05
7.12949e-05
7.12669e-05
7.1239e-05
7.1211e-05
7.11831e-05
7.11552e-05
7.11273e-05
7.10995e-05
7.10716e-05
7.10438e-05
7.1016e-05
7.09883e-05
7.09605e-05
7.09328e-05
7.09051e-05
7.08775e-05
7.08498e-05
7.08222e-05
7.07946e-05
7.0767e-05
7.07394e-05
7.07119e-05
7.06844e-05
7.06569e-05
7.06294e-05
7.0602e-05
7.05746e-05
7.05472e-05
7.05198e-05
7.04924e-05
7.04651e-05
7.04378e-05
7.04105e-05
7.03833e-05
7.0356e-05
7.03288e-05
7.03016e-05
7.02744e-05
7.02473e-05
7.02201e-05
7.0193e-05
7.01659e-05
7.01389e-05
7.01118e-05
7.00848e-05
7.00578e-05
7.00308e-05
7.00039e-05
6.99769e-05
6.995e-05
6.99231e-05
6.98963e-05
6.98694e-05
6.98426e-05
6.98158e-05
6.9789e-05
6.97623e-05
6.97355e-05
6.97088e-05
6.96821e-05
6.96555e-05
6.96288e-05
6.96022e-05
6.95756e-05
6.9549e-05
6.95224e-05
6.94959e-05
6.94694e-05
6.94429e-05
6.94164e-05
6.93899e-05
6.93635e-05
6.93371e-05
6.93107e-05
6.92843e-05
6.92579e-05
6.92316e-05
6.92053e-05
6.9179e-05
6.91528e-05
6.91265e-05
6.91003e-05
6.90741e-05
6.90479e-05
6.90217e-05
6.89956e-05
6.89695e-05
6.89434e-05
6.89173e-05
6.88912e-05
6.88652e-05
6.88392e-05
6.88132e-05
6.87872e-05
6.87613e-05
6.87353e-05
6.87094e-05
6.86835e-05
6.86577e-05
6.86318e-05
6.8606e-05
6.85802e-05
6.85544e-05
6.85286e-05
6.85029e-05
6.84772e-05
6.84515e-05
6.84258e-05
6.84001e-05
6.83745e-05
6.83488e-05
6.83232e-05
6.82976e-05
6.82721e-05
6.82465e-05
6.8221e-05
6.81955e-05
6.817e-05
6.81446e-05
6.81191e-05
6.80937e-05
6.80683e-05
6.80429e-05
6.80175e-05
6.79922e-05
6.79669e-05
6.79416e-05
6.79163e-05
6.7891e-05
6.78658e-05
6.78406e-05
6.78154e-05
6.77902e-05
6.7765e-05
6.77399e-05
6.77147e-05
6.76896e-05
6.76646e-05
6.76395e-05
6.76144e-05
6.75894e-05
6.75644e-05
6.75394e-05
6.75145e-05
6.74895e-05
6.74646e-05
6.74397e-05
6.74148e-05
6.73899e-05
6.73651e-05
6.73402e-05
6.73154e-05
6.72906e-05
6.72659e-05
6.72411e-05
6.72164e-05
6.71916e-05
6.7167e-05
6.71423e-05
6.71176e-05
6.7093e-05
6.70684e-05
6.70438e-05
6.70192e-05
6.69946e-05
6.69701e-05
6.69455e-05
6.6921e-05
6.68966e-05
6.68721e-05
6.68476e-05
6.68232e-05
6.67988e-05
6.67744e-05
6.675e-05
6.67257e-05
6.67013e-05
6.6677e-05
6.66527e-05
6.66284e-05
6.66042e-05
6.65799e-05
6.65557e-05
6.65315e-05
6.65073e-05
6.64832e-05
6.6459e-05
6.64349e-05
6.64108e-05
6.63867e-05
6.63626e-05
6.63385e-05
6.63145e-05
6.62905e-05
6.62665e-05
6.62425e-05
6.62185e-05
6.61946e-05
6.61707e-05
6.61467e-05
6.61229e-05
6.6099e-05
6.60751e-05
6.60513e-05
6.60275e-05
6.60037e-05
6.59799e-05
6.59561e-05
6.59324e-05
6.59087e-05
6.58849e-05
6.58612e-05
6.58376e-05
6.58139e-05
6.57903e-05
6.57667e-05
6.57431e-05
6.57195e-05
6.56959e-05
6.56724e-05
6.56488e-05
6.56253e-05
6.56018e-05
6.55783e-05
6.55549e-05
6.55314e-05
6.5508e-05
6.54846e-05
6.54612e-05
6.54379e-05
6.54145e-05
6.53912e-05
6.53678e-05
6.53445e-05
6.53213e-05
6.5298e-05
6.52747e-05
6.52515e-05
6.52283e-05
6.52051e-05
6.51819e-05
6.51588e-05
6.51356e-05
6.51125e-05
6.50894e-05
6.50663e-05
6.50432e-05
6.50202e-05
6.49971e-05
6.49741e-05
6.49511e-05
6.49281e-05
6.49051e-05
6.48822e-05
6.48593e-05
6.48363e-05
6.48134e-05
6.47905e-05
6.47677e-05
6.47448e-05
6.4722e-05
6.46992e-05
6.46764e-05
6.46536e-05
6.46308e-05
6.46081e-05
6.45854e-05
6.45626e-05
6.45399e-05
6.45173e-05
6.44946e-05
6.44719e-05
6.44493e-05
6.44267e-05
6.44041e-05
6.43815e-05
6.4359e-05
6.43364e-05
6.43139e-05
6.42914e-05
6.42689e-05
6.42464e-05
6.42239e-05
6.42015e-05
6.41791e-05
6.41566e-05
6.41342e-05
6.41119e-05
6.40895e-05
6.40671e-05
6.40448e-05
6.40225e-05
6.40002e-05
6.39779e-05
6.39557e-05
6.39334e-05
6.39112e-05
6.3889e-05
6.38668e-05
6.38446e-05
6.38224e-05
6.38003e-05
6.37781e-05
6.3756e-05
6.37339e-05
6.37118e-05
6.36897e-05
6.36677e-05
6.36456e-05
6.36236e-05
6.36016e-05
6.35796e-05
6.35577e-05
6.35357e-05
6.35138e-05
6.34918e-05
6.34699e-05
6.3448e-05
6.34262e-05
6.34043e-05
6.33824e-05
6.33606e-05
6.33388e-05
6.3317e-05
6.32952e-05
6.32735e-05
6.32517e-05
6.323e-05
6.32083e-05
6.31865e-05
6.31649e-05
6.31432e-05
6.31215e-05
6.30999e-05
6.30783e-05
6.30567e-05
6.30351e-05
6.30135e-05
6.29919e-05
6.29704e-05
6.29488e-05
6.29273e-05
6.29058e-05
6.28844e-05
6.28629e-05
6.28414e-05
6.282e-05
6.27986e-05
6.27772e-05
6.27558e-05
6.27344e-05
6.2713e-05
6.26917e-05
6.26704e-05
6.2649e-05
6.26277e-05
6.26065e-05
6.25852e-05
6.25639e-05
6.25427e-05
6.25215e-05
6.25003e-05
6.24791e-05
6.24579e-05
6.24367e-05
6.24156e-05
6.23945e-05
6.23733e-05
6.23522e-05
6.23312e-05
6.23101e-05
6.2289e-05
6.2268e-05
6.2247e-05
6.2226e-05
6.2205e-05
6.2184e-05
6.2163e-05
6.21421e-05
6.21211e-05
6.21002e-05
6.20793e-05
6.20584e-05
6.20375e-05
6.20167e-05
6.19958e-05
6.1975e-05
6.19542e-05
6.19334e-05
6.19126e-05
6.18918e-05
6.1871e-05
6.18503e-05
6.18296e-05
6.18089e-05
6.17882e-05
6.17675e-05
6.17468e-05
6.17261e-05
6.17055e-05
6.16849e-05
6.16643e-05
6.16437e-05
6.16231e-05
6.16025e-05
6.1582e-05
6.15614e-05
6.15409e-05
6.15204e-05
6.14999e-05
6.14794e-05
6.14589e-05
6.14385e-05
6.14181e-05
6.13976e-05
6.13772e-05
6.13568e-05
6.13364e-05
6.13161e-05
6.12957e-05
6.12754e-05
6.12551e-05
6.12347e-05
6.12145e-05
6.11942e-05
6.11739e-05
6.11537e-05
6.11334e-05
6.11132e-05
6.1093e-05
6.10728e-05
6.10526e-05
6.10324e-05
6.10123e-05
6.09921e-05
6.0972e-05
6.09519e-05
6.09318e-05
6.09117e-05
6.08917e-05
6.08716e-05
6.08516e-05
6.08315e-05
6.08115e-05
6.07915e-05
6.07715e-05
6.07516e-05
6.07316e-05
6.07117e-05
6.06917e-05
6.06718e-05
6.06519e-05
6.0632e-05
6.06121e-05
6.05923e-05
6.05724e-05
6.05526e-05
6.05328e-05
6.0513e-05
6.04932e-05
6.04734e-05
6.04536e-05
6.04339e-05
6.04141e-05
6.03944e-05
6.03747e-05
6.0355e-05
6.03353e-05
6.03157e-05
6.0296e-05
6.02764e-05
6.02567e-05
6.02371e-05
6.02175e-05
6.01979e-05
6.01783e-05
6.01588e-05
6.01392e-05
6.01197e-05
6.01002e-05
6.00807e-05
6.00612e-05
6.00417e-05
6.00222e-05
6.00028e-05
5.99833e-05
5.99639e-05
5.99445e-05
5.99251e-05
5.99057e-05
5.98863e-05
5.98669e-05
5.98476e-05
5.98283e-05
5.98089e-05
5.97896e-05
5.97703e-05
5.97511e-05
5.97318e-05
5.97125e-05
5.96933e-05
5.96741e-05
5.96548e-05
5.96356e-05
5.96164e-05
5.95973e-05
5.95781e-05
5.95589e-05
5.95398e-05
5.95207e-05
5.95016e-05
5.94825e-05
5.94634e-05
5.94443e-05
5.94252e-05
5.94062e-05
5.93872e-05
5.93681e-05
5.93491e-05
5.93301e-05
5.93112e-05
5.92922e-05
5.92732e-05
5.92543e-05
5.92353e-05
5.92164e-05
5.91975e-05
5.91786e-05
5.91597e-05
5.91409e-05
5.9122e-05
5.91032e-05
5.90843e-05
5.90655e-05
5.90467e-05
5.90279e-05
5.90091e-05
5.89904e-05
5.89716e-05
5.89529e-05
5.89342e-05
5.89154e-05
5.88967e-05
5.8878e-05
5.88594e-05
5.88407e-05
5.8822e-05
5.88034e-05
5.87848e-05
5.87662e-05
5.87475e-05
5.8729e-05
5.87104e-05
5.86918e-05
5.86733e-05
5.86547e-05
5.86362e-05
5.86177e-05
5.85992e-05
5.85807e-05
5.85622e-05
5.85437e-05
5.85253e-05
5.85068e-05
5.84884e-05
5.847e-05
5.84516e-05
5.84332e-05
5.84148e-05
5.83964e-05
5.83781e-05
5.83597e-05
5.83414e-05
5.83231e-05
5.83047e-05
5.82865e-05
5.82682e-05
5.82499e-05
5.82316e-05
5.82134e-05
5.81952e-05
5.81769e-05
5.81587e-05
5.81405e-05
5.81223e-05
5.81042e-05
5.8086e-05
5.80678e-05
5.80497e-05
5.80316e-05
5.80134e-05
5.79953e-05
5.79773e-05
5.79592e-05
5.79411e-05
5.7923e-05
5.7905e-05
5.7887e-05
5.7869e-05
5.78509e-05
5.78329e-05
5.7815e-05
5.7797e-05
5.7779e-05
5.77611e-05
5.77431e-05
5.77252e-05
5.77073e-05
5.76894e-05
5.76715e-05
5.76536e-05
5.76358e-05
5.76179e-05
5.76001e-05
5.75822e-05
5.75644e-05
5.75466e-05
5.75288e-05
5.7511e-05
5.74932e-05
5.74755e-05
5.74577e-05
5.744e-05
5.74223e-05
5.74045e-05
5.73868e-05
5.73691e-05
5.73515e-05
5.73338e-05
5.73161e-05
5.72985e-05
5.72808e-05
5.72632e-05
5.72456e-05
5.7228e-05
5.72104e-05
5.71928e-05
5.71753e-05
5.71577e-05
5.71402e-05
5.71226e-05
5.71051e-05
5.70876e-05
5.70701e-05
5.70526e-05
5.70351e-05
5.70177e-05
5.70002e-05
5.69828e-05
5.69654e-05
5.69479e-05
5.69305e-05
5.69131e-05
5.68957e-05
5.68784e-05
5.6861e-05
5.68437e-05
5.68263e-05
5.6809e-05
5.67917e-05
5.67744e-05
5.67571e-05
5.67398e-05
5.67225e-05
5.67052e-05
5.6688e-05
5.66707e-05
5.66535e-05
5.66363e-05
5.66191e-05
5.66019e-05
5.65847e-05
5.65675e-05
5.65504e-05
5.65332e-05
5.65161e-05
5.64989e-05
5.64818e-05
5.64647e-05
5.64476e-05
5.64305e-05
5.64135e-05
5.63964e-05
5.63793e-05
5.63623e-05
5.63453e-05
5.63282e-05
5.63112e-05
5.62942e-05
5.62773e-05
5.62603e-05
5.62433e-05
5.62263e-05
5.62094e-05
5.61925e-05
5.61755e-05
5.61586e-05
5.61417e-05
5.61248e-05
5.6108e-05
5.60911e-05
5.60742e-05
5.60574e-05
5.60405e-05
5.60237e-05
5.60069e-05
5.59901e-05
5.59733e-05
5.59565e-05
5.59397e-05
5.5923e-05
5.59062e-05
5.58895e-05
5.58728e-05
5.5856e-05
5.58393e-05
5.58226e-05
5.58059e-05
5.57893e-05
5.57726e-05
5.57559e-05
5.57393e-05
5.57226e-05
5.5706e-05
5.56894e-05
5.56728e-05
5.56562e-05
5.56396e-05
5.5623e-05
5.56065e-05
5.55899e-05
5.55734e-05
5.55569e-05
5.55403e-05
5.55238e-05
5.55073e-05
5.54908e-05
5.54744e-05
5.54579e-05
5.54414e-05
5.5425e-05
5.54085e-05
5.53921e-05
5.53757e-05
5.53593e-05
5.53429e-05
5.53265e-05
5.53101e-05
5.52938e-05
5.52774e-05
5.52611e-05
5.52447e-05
5.52284e-05
5.52121e-05
5.51958e-05
5.51795e-05
5.51632e-05
5.51469e-05
5.51307e-05
5.51144e-05
5.50982e-05
5.50819e-05
5.50657e-05
5.50495e-05
5.50333e-05
5.50171e-05
5.50009e-05
5.49847e-05
5.49686e-05
5.49524e-05
5.49363e-05
5.49201e-05
5.4904e-05
5.48879e-05
5.48718e-05
5.48557e-05
5.48396e-05
5.48235e-05
5.48075e-05
5.47914e-05
5.47754e-05
5.47593e-05
5.47433e-05
5.47273e-05
5.47113e-05
5.46953e-05
5.46793e-05
5.46633e-05
5.46474e-05
5.46314e-05
5.46155e-05
5.45995e-05
5.45836e-05
5.45677e-05
5.45518e-05
5.45359e-05
5.452e-05
5.45041e-05
5.44883e-05
5.44724e-05
5.44566e-05
5.44407e-05
5.44249e-05
5.44091e-05
5.43933e-05
5.43775e-05
5.43617e-05
5.43459e-05
5.43301e-05
5.43144e-05
5.42986e-05
5.42829e-05
5.42672e-05
5.42514e-05
5.42357e-05
5.422e-05
5.42043e-05
5.41887e-05
5.4173e-05
5.41573e-05
5.41417e-05
5.4126e-05
5.41104e-05
5.40948e-05
5.40791e-05
5.40635e-05
5.40479e-05
5.40324e-05
5.40168e-05
5.40012e-05
5.39856e-05
5.39701e-05
5.39546e-05
5.3939e-05
5.39235e-05
5.3908e-05
5.38925e-05
5.3877e-05
5.38615e-05
5.3846e-05
5.38306e-05
5.38151e-05
5.37997e-05
5.37842e-05
5.37688e-05
5.37534e-05
5.3738e-05
5.37226e-05
5.37072e-05
5.36918e-05
5.36765e-05
5.36611e-05
5.36457e-05
5.36304e-05
5.36151e-05
5.35997e-05
5.35844e-05
5.35691e-05
5.35538e-05
5.35385e-05
5.35233e-05
5.3508e-05
5.34927e-05
5.34775e-05
5.34622e-05
5.3447e-05
5.34318e-05
5.34166e-05
5.34014e-05
5.33862e-05
5.3371e-05
5.33558e-05
5.33406e-05
5.33255e-05
5.33103e-05
5.32952e-05
5.32801e-05
5.32649e-05
5.32498e-05
5.32347e-05
5.32196e-05
5.32045e-05
5.31895e-05
5.31744e-05
5.31593e-05
5.31443e-05
5.31292e-05
5.31142e-05
5.30992e-05
5.30842e-05
5.30692e-05
5.30542e-05
5.30392e-05
5.30242e-05
5.30092e-05
5.29943e-05
5.29793e-05
5.29644e-05
5.29494e-05
5.29345e-05
5.29196e-05
5.29047e-05
5.28898e-05
5.28749e-05
5.286e-05
5.28452e-05
5.28303e-05
5.28154e-05
5.28006e-05
5.27858e-05
5.27709e-05
5.27561e-05
5.27413e-05
5.27265e-05
5.27117e-05
5.26969e-05
5.26821e-05
5.26674e-05
5.26526e-05
5.26379e-05
5.26231e-05
5.26084e-05
5.25937e-05
5.2579e-05
5.25643e-05
5.25496e-05
5.25349e-05
5.25202e-05
5.25055e-05
5.24909e-05
5.24762e-05
5.24616e-05
5.24469e-05
5.24323e-05
5.24177e-05
5.24031e-05
5.23885e-05
5.23739e-05
5.23593e-05
5.23447e-05
5.23302e-05
5.23156e-05
5.23011e-05
5.22865e-05
5.2272e-05
5.22575e-05
5.22429e-05
5.22284e-05
5.22139e-05
5.21994e-05
5.2185e-05
5.21705e-05
5.2156e-05
5.21416e-05
5.21271e-05
5.21127e-05
5.20983e-05
5.20838e-05
5.20694e-05
5.2055e-05
5.20406e-05
5.20262e-05
5.20118e-05
5.19975e-05
5.19831e-05
5.19688e-05
5.19544e-05
5.19401e-05
5.19257e-05
5.19114e-05
5.18971e-05
5.18828e-05
5.18685e-05
5.18542e-05
5.18399e-05
5.18257e-05
5.18114e-05
5.17972e-05
5.17829e-05
5.17687e-05
5.17544e-05
5.17402e-05
5.1726e-05
5.17118e-05
5.16976e-05
5.16834e-05
5.16692e-05
5.16551e-05
5.16409e-05
5.16267e-05
5.16126e-05
5.15985e-05
5.15843e-05
5.15702e-05
5.15561e-05
5.1542e-05
5.15279e-05
5.15138e-05
5.14997e-05
5.14856e-05
5.14716e-05
5.14575e-05
5.14435e-05
5.14294e-05
5.14154e-05
5.14014e-05
5.13873e-05
5.13733e-05
5.13593e-05
5.13453e-05
5.13314e-05
5.13174e-05
5.13034e-05
5.12894e-05
5.12755e-05
5.12615e-05
5.12476e-05
5.12337e-05
5.12198e-05
5.12058e-05
5.11919e-05
5.1178e-05
5.11642e-05
5.11503e-05
5.11364e-05
5.11225e-05
5.11087e-05
5.10948e-05
5.1081e-05
5.10672e-05
5.10533e-05
5.10395e-05
5.10257e-05
5.10119e-05
5.09981e-05
5.09843e-05
5.09705e-05
5.09568e-05
5.0943e-05
5.09293e-05
5.09155e-05
5.09018e-05
5.0888e-05
5.08743e-05
5.08606e-05
5.08469e-05
5.08332e-05
5.08195e-05
5.08058e-05
5.07921e-05
5.07785e-05
5.07648e-05
5.07512e-05
5.07375e-05
5.07239e-05
5.07103e-05
5.06966e-05
5.0683e-05
5.06694e-05
5.06558e-05
5.06422e-05
5.06286e-05
5.06151e-05
5.06015e-05
5.05879e-05
5.05744e-05
5.05608e-05
5.05473e-05
5.05338e-05
5.05203e-05
5.05067e-05
5.04932e-05
5.04797e-05
5.04662e-05
5.04528e-05
5.04393e-05
5.04258e-05
5.04124e-05
5.03989e-05
5.03855e-05
5.0372e-05
5.03586e-05
5.03452e-05
5.03317e-05
5.03183e-05
5.03049e-05
5.02915e-05
5.02782e-05
5.02648e-05
5.02514e-05
5.02381e-05
5.02247e-05
5.02113e-05
5.0198e-05
5.01847e-05
5.01714e-05
5.0158e-05
5.01447e-05
5.01314e-05
5.01181e-05
5.01048e-05
5.00916e-05
5.00783e-05
5.0065e-05
5.00518e-05
5.00385e-05
5.00253e-05
5.0012e-05
4.99988e-05
4.99856e-05
4.99724e-05
4.99592e-05
4.9946e-05
4.99328e-05
4.99196e-05
4.99064e-05
4.98932e-05
4.98801e-05
4.98669e-05
4.98538e-05
4.98406e-05
4.98275e-05
4.98144e-05
4.98013e-05
4.97882e-05
4.9775e-05
4.9762e-05
4.97489e-05
4.97358e-05
4.97227e-05
4.97096e-05
4.96966e-05
4.96835e-05
4.96705e-05
4.96574e-05
4.96444e-05
4.96314e-05
4.96184e-05
4.96054e-05
4.95924e-05
4.95794e-05
4.95664e-05
4.95534e-05
4.95404e-05
4.95275e-05
4.95145e-05
4.95016e-05
4.94886e-05
4.94757e-05
4.94627e-05
4.94498e-05
4.94369e-05
4.9424e-05
4.94111e-05
4.93982e-05
4.93853e-05
4.93724e-05
4.93596e-05
4.93467e-05
4.93338e-05
4.9321e-05
4.93081e-05
4.92953e-05
4.92825e-05
4.92696e-05
4.92568e-05
4.9244e-05
4.92312e-05
4.92184e-05
4.92056e-05
4.91928e-05
4.91801e-05
4.91673e-05
4.91545e-05
4.91418e-05
4.9129e-05
4.91163e-05
4.91036e-05
4.90909e-05
4.90781e-05
4.90654e-05
4.90527e-05
4.904e-05
4.90273e-05
4.90146e-05
4.9002e-05
4.89893e-05
4.89766e-05
4.8964e-05
4.89513e-05
4.89387e-05
4.89261e-05
4.89134e-05
4.89008e-05
4.88882e-05
4.88756e-05
4.8863e-05
4.88504e-05
4.88378e-05
4.88252e-05
4.88126e-05
4.88001e-05
4.87875e-05
4.8775e-05
4.87624e-05
4.87499e-05
4.87373e-05
4.87248e-05
4.87123e-05
4.86998e-05
4.86873e-05
4.86748e-05
4.86623e-05
4.86498e-05
4.86373e-05
4.86249e-05
4.86124e-05
4.85999e-05
4.85875e-05
4.8575e-05
4.85626e-05
4.85502e-05
4.85378e-05
4.85253e-05
4.85129e-05
4.85005e-05
4.84881e-05
4.84757e-05
4.84633e-05
4.8451e-05
4.84386e-05
4.84262e-05
4.84139e-05
4.84015e-05
4.83892e-05
4.83768e-05
4.83645e-05
4.83522e-05
4.83399e-05
4.83276e-05
4.83153e-05
4.8303e-05
4.82907e-05
4.82784e-05
4.82661e-05
4.82538e-05
4.82416e-05
4.82293e-05
4.82171e-05
4.82048e-05
4.81926e-05
4.81804e-05
4.81681e-05
4.81559e-05
4.81437e-05
4.81315e-05
4.81193e-05
4.81071e-05
4.80949e-05
4.80827e-05
4.80706e-05
4.80584e-05
4.80462e-05
4.80341e-05
4.80219e-05
4.80098e-05
4.79977e-05
4.79855e-05
4.79734e-05
4.79613e-05
4.79492e-05
4.79371e-05
4.7925e-05
4.79129e-05
4.79008e-05
4.78888e-05
4.78767e-05
4.78646e-05
4.78526e-05
4.78405e-05
4.78285e-05
4.78164e-05
4.78044e-05
4.77924e-05
4.77804e-05
4.77684e-05
4.77564e-05
4.77444e-05
4.77324e-05
4.77204e-05
4.77084e-05
4.76964e-05
4.76845e-05
4.76725e-05
4.76605e-05
4.76486e-05
4.76367e-05
4.76247e-05
4.76128e-05
4.76009e-05
4.7589e-05
4.7577e-05
4.75651e-05
4.75532e-05
4.75414e-05
4.75295e-05
4.75176e-05
4.75057e-05
4.74939e-05
4.7482e-05
4.74701e-05
4.74583e-05
4.74465e-05
4.74346e-05
4.74228e-05
4.7411e-05
4.73992e-05
4.73873e-05
4.73755e-05
4.73637e-05
4.7352e-05
4.73402e-05
4.73284e-05
4.73166e-05
4.73048e-05
4.72931e-05
4.72813e-05
4.72696e-05
4.72578e-05
4.72461e-05
4.72344e-05
4.72227e-05
4.72109e-05
4.71992e-05
4.71875e-05
4.71758e-05
4.71641e-05
4.71525e-05
4.71408e-05
4.71291e-05
4.71174e-05
4.71058e-05
4.70941e-05
4.70825e-05
4.70708e-05
4.70592e-05
4.70476e-05
4.70359e-05
4.70243e-05
4.70127e-05
4.70011e-05
4.69895e-05
4.69779e-05
4.69663e-05
4.69547e-05
4.69431e-05
4.69316e-05
4.692e-05
4.69085e-05
4.68969e-05
4.68854e-05
4.68738e-05
4.68623e-05
4.68507e-05
4.68392e-05
4.68277e-05
4.68162e-05
4.68047e-05
4.67932e-05
4.67817e-05
4.67702e-05
4.67587e-05
4.67473e-05
4.67358e-05
4.67243e-05
4.67129e-05
4.67014e-05
4.669e-05
4.66785e-05
4.66671e-05
4.66557e-05
4.66443e-05
4.66328e-05
4.66214e-05
4.661e-05
4.65986e-05
4.65872e-05
4.65759e-05
4.65645e-05
4.65531e-05
4.65417e-05
4.65304e-05
4.6519e-05
4.65077e-05
4.64963e-05
4.6485e-05
4.64736e-05
4.64623e-05
4.6451e-05
4.64397e-05
4.64284e-05
4.64171e-05
4.64058e-05
4.63945e-05
4.63832e-05
4.63719e-05
4.63606e-05
4.63494e-05
4.63381e-05
4.63268e-05
4.63156e-05
4.63043e-05
4.62931e-05
4.62819e-05
4.62706e-05
4.62594e-05
4.62482e-05
4.6237e-05
4.62258e-05
4.62146e-05
4.62034e-05
4.61922e-05
4.6181e-05
4.61698e-05
4.61587e-05
4.61475e-05
4.61363e-05
4.61252e-05
4.6114e-05
4.61029e-05
4.60918e-05
4.60806e-05
4.60695e-05
4.60584e-05
4.60473e-05
4.60362e-05
4.60251e-05
4.6014e-05
4.60029e-05
4.59918e-05
4.59807e-05
4.59696e-05
4.59586e-05
4.59475e-05
4.59364e-05
4.59254e-05
4.59143e-05
4.59033e-05
4.58923e-05
4.58812e-05
4.58702e-05
4.58592e-05
4.58482e-05
4.58372e-05
4.58262e-05
4.58152e-05
4.58042e-05
4.57932e-05
4.57822e-05
4.57712e-05
4.57603e-05
4.57493e-05
4.57384e-05
4.57274e-05
4.57165e-05
4.57055e-05
4.56946e-05
4.56837e-05
4.56727e-05
4.56618e-05
4.56509e-05
4.564e-05
4.56291e-05
4.56182e-05
4.56073e-05
4.55964e-05
4.55855e-05
4.55747e-05
4.55638e-05
4.55529e-05
4.55421e-05
4.55312e-05
4.55204e-05
4.55095e-05
4.54987e-05
4.54879e-05
4.5477e-05
4.54662e-05
4.54554e-05
4.54446e-05
4.54338e-05
4.5423e-05
4.54122e-05
4.54014e-05
4.53906e-05
4.53799e-05
4.53691e-05
4.53583e-05
4.53476e-05
4.53368e-05
4.53261e-05
4.53153e-05
4.53046e-05
4.52938e-05
4.52831e-05
4.52724e-05
4.52617e-05
4.5251e-05
4.52403e-05
4.52295e-05
4.52189e-05
4.52082e-05
4.51975e-05
4.51868e-05
4.51761e-05
4.51655e-05
4.51548e-05
4.51441e-05
4.51335e-05
4.51228e-05
4.51122e-05
4.51016e-05
4.50909e-05
4.50803e-05
4.50697e-05
4.50591e-05
4.50484e-05
4.50378e-05
4.50272e-05
4.50166e-05
4.50061e-05
4.49955e-05
4.49849e-05
4.49743e-05
4.49638e-05
4.49532e-05
4.49426e-05
4.49321e-05
4.49215e-05
4.4911e-05
4.49005e-05
4.48899e-05
4.48794e-05
4.48689e-05
4.48584e-05
4.48478e-05
4.48373e-05
4.48268e-05
4.48163e-05
4.48059e-05
4.47954e-05
4.47849e-05
4.47744e-05
4.47639e-05
4.47535e-05
4.4743e-05
4.47326e-05
4.47221e-05
4.47117e-05
4.47012e-05
4.46908e-05
4.46804e-05
4.467e-05
4.46595e-05
4.46491e-05
4.46387e-05
4.46283e-05
4.46179e-05
4.46075e-05
4.45971e-05
4.45868e-05
4.45764e-05
4.4566e-05
4.45556e-05
4.45453e-05
4.45349e-05
4.45246e-05
4.45142e-05
4.45039e-05
4.44935e-05
4.44832e-05
4.44729e-05
4.44626e-05
4.44522e-05
4.44419e-05
4.44316e-05
4.44213e-05
4.4411e-05
4.44007e-05
4.43905e-05
4.43802e-05
4.43699e-05
4.43596e-05
4.43494e-05
4.43391e-05
4.43289e-05
4.43186e-05
4.43084e-05
4.42981e-05
4.42879e-05
4.42777e-05
4.42674e-05
4.42572e-05
4.4247e-05
4.42368e-05
4.42266e-05
4.42164e-05
4.42062e-05
4.4196e-05
4.41858e-05
4.41756e-05
4.41654e-05
4.41553e-05
4.41451e-05
