0.047684
0.0268097
0.0191427
0.0150734
0.0125229
0.0107628
0.00946907
0.00847482
0.00768485
0.00704081
0.00650482
0.00605122
0.00566192
0.00532386
0.0050273
0.00476486
0.00453082
0.00432071
0.00413093
0.0039586
0.00380136
0.00365725
0.00352466
0.00340222
0.00328877
0.00318334
0.00308508
0.00299327
0.00290727
0.00282653
0.00275058
0.00267898
0.00261136
0.0025474
0.00248678
0.00242926
0.00237459
0.00232256
0.00227298
0.00222567
0.00218048
0.00213726
0.00209589
0.00205624
0.00201821
0.00198169
0.0019466
0.00191285
0.00188036
0.00184907
0.0018189
0.00178979
0.00176169
0.00173455
0.00170831
0.00168293
0.00165836
0.00163457
0.00161153
0.00158918
0.00156751
0.00154648
0.00152606
0.00150622
0.00148694
0.0014682
0.00144998
0.00143224
0.00141497
0.00139816
0.00138178
0.00136582
0.00135026
0.00133508
0.00132028
0.00130583
0.00129173
0.00127795
0.0012645
0.00125135
0.00123851
0.00122595
0.00121366
0.00120165
0.00118989
0.00117839
0.00116712
0.0011561
0.00114529
0.00113471
0.00112434
0.00111418
0.00110422
0.00109445
0.00108487
0.00107548
0.00106626
0.00105721
0.00104833
0.00103961
0.00103106
0.00102265
0.0010144
0.00100629
0.000998319
0.000990489
0.000982793
0.000975227
0.000967789
0.000960474
0.00095328
0.000946204
0.000939242
0.000932393
0.000925652
0.000919018
0.000912488
0.000906059
0.000899729
0.000893496
0.000887357
0.000881311
0.000875354
0.000869486
0.000863703
0.000858005
0.000852389
0.000846853
0.000841395
0.000836015
0.00083071
0.000825478
0.000820319
0.00081523
0.00081021
0.000805258
0.000800372
0.000795551
0.000790793
0.000786098
0.000781464
0.000776889
0.000772373
0.000767915
0.000763512
0.000759165
0.000754873
0.000750633
0.000746445
0.000742309
0.000738223
0.000734186
0.000730197
0.000726256
0.000722361
0.000718512
0.000714708
0.000710949
0.000707232
0.000703558
0.000699926
0.000696335
0.000692784
0.000689273
0.0006858
0.000682367
0.00067897
0.000675611
0.000672288
0.000669001
0.00066575
0.000662533
0.00065935
0.0006562
0.000653083
0.000649999
0.000646947
0.000643926
0.000640936
0.000637977
0.000635047
0.000632147
0.000629276
0.000626434
0.000623619
0.000620833
0.000618073
0.000615341
0.000612635
0.000609955
0.000607301
0.000604672
0.000602068
0.000599489
0.000596934
0.000594403
0.000591895
0.000589411
0.000586949
0.00058451
0.000582093
0.000579698
0.000577325
0.000574973
0.000572642
0.000570331
0.000568042
0.000565772
0.000563522
0.000561292
0.000559081
0.000556889
0.000554717
0.000552562
0.000550426
0.000548309
0.000546209
0.000544126
0.000542062
0.000540014
0.000537983
0.000535969
0.000533972
0.000531991
0.000530026
0.000528077
0.000526143
0.000524226
0.000522323
0.000520436
0.000518563
0.000516706
0.000514863
0.000513034
0.00051122
0.00050942
0.000507634
0.000505861
0.000504102
0.000502357
0.000500624
0.000498905
0.000497199
0.000495505
0.000493825
0.000492156
0.000490501
0.000488857
0.000487225
0.000485606
0.000483998
0.000482402
0.000480817
0.000479244
0.000477682
0.000476132
0.000474592
0.000473064
0.000471546
0.000470038
0.000468542
0.000467056
0.00046558
0.000464114
0.000462659
0.000461214
0.000459778
0.000458352
0.000456936
0.00045553
0.000454133
0.000452746
0.000451368
0.000449999
0.000448639
0.000447288
0.000445946
0.000444613
0.000443289
0.000441973
0.000440666
0.000439368
0.000438078
0.000436796
0.000435522
0.000434257
0.000432999
0.00043175
0.000430508
0.000429275
0.000428049
0.000426831
0.00042562
0.000424417
0.000423222
0.000422034
0.000420853
0.000419679
0.000418513
0.000417353
0.000416201
0.000415056
0.000413918
0.000412786
0.000411662
0.000410544
0.000409433
0.000408328
0.00040723
0.000406138
0.000405053
0.000403974
0.000402902
0.000401835
0.000400775
0.000399721
0.000398674
0.000397632
0.000396596
0.000395566
0.000394542
0.000393524
0.000392512
0.000391505
0.000390504
0.000389509
0.000388519
0.000387534
0.000386556
0.000385582
0.000384614
0.000383652
0.000382694
0.000381742
0.000380795
0.000379854
0.000378917
0.000377985
0.000377059
0.000376137
0.000375221
0.000374309
0.000373402
0.0003725
0.000371603
0.000370711
0.000369823
0.00036894
0.000368061
0.000367188
0.000366318
0.000365454
0.000364593
0.000363737
0.000362886
0.000362039
0.000361196
0.000360358
0.000359524
0.000358694
0.000357868
0.000357047
0.00035623
0.000355416
0.000354607
0.000353802
0.000353001
0.000352204
0.000351411
0.000350622
0.000349837
0.000349055
0.000348278
0.000347504
0.000346734
0.000345967
0.000345205
0.000344446
0.000343691
0.000342939
0.000342191
0.000341447
0.000340706
0.000339969
0.000339235
0.000338505
0.000337778
0.000337055
0.000336335
0.000335618
0.000334905
0.000334195
0.000333489
0.000332785
0.000332085
0.000331388
0.000330695
0.000330004
0.000329317
0.000328633
0.000327952
0.000327274
0.000326599
0.000325928
0.000325259
0.000324593
0.000323931
0.000323271
0.000322614
0.00032196
0.000321309
0.000320661
0.000320016
0.000319374
0.000318735
0.000318098
0.000317464
0.000316833
0.000316205
0.000315579
0.000314956
0.000314336
0.000313719
0.000313104
0.000312492
0.000311882
0.000311275
0.000310671
0.000310069
0.00030947
0.000308873
0.000308279
0.000307688
0.000307099
0.000306512
0.000305928
0.000305346
0.000304767
0.00030419
0.000303616
0.000303044
0.000302474
0.000301907
0.000301342
0.000300779
0.000300219
0.000299661
0.000299105
0.000298551
0.000298
0.000297451
0.000296904
0.00029636
0.000295817
0.000295277
0.000294739
0.000294203
0.000293669
0.000293138
0.000292608
0.000292081
0.000291555
0.000291032
0.000290511
0.000289992
0.000289475
0.00028896
0.000288447
0.000287936
0.000287427
0.00028692
0.000286415
0.000285912
0.00028541
0.000284911
0.000284414
0.000283918
0.000283425
0.000282933
0.000282443
0.000281955
0.000281469
0.000280985
0.000280503
0.000280022
0.000279544
0.000279067
0.000278591
0.000278118
0.000277646
0.000277177
0.000276709
0.000276242
0.000275778
0.000275315
0.000274853
0.000274394
0.000273936
0.00027348
0.000273025
0.000272573
0.000272122
0.000271672
0.000271224
0.000270778
0.000270333
0.00026989
0.000269449
0.000269009
0.000268571
0.000268134
0.000267699
0.000267265
0.000266833
0.000266403
0.000265974
0.000265546
0.00026512
0.000264696
0.000264273
0.000263852
0.000263432
0.000263013
0.000262596
0.00026218
0.000261766
0.000261354
0.000260942
0.000260532
0.000260124
0.000259717
0.000259311
0.000258907
0.000258504
0.000258103
0.000257703
0.000257304
0.000256907
0.000256511
0.000256116
0.000255722
0.00025533
0.00025494
0.00025455
0.000254162
0.000253776
0.00025339
0.000253006
0.000252623
0.000252241
0.000251861
0.000251482
0.000251104
0.000250727
0.000250352
0.000249978
0.000249605
0.000249233
0.000248863
0.000248494
0.000248126
0.000247759
0.000247393
0.000247029
0.000246665
0.000246303
0.000245942
0.000245583
0.000245224
0.000244867
0.00024451
0.000244155
0.000243801
0.000243448
0.000243096
0.000242746
0.000242396
0.000242048
0.0002417
0.000241354
0.000241009
0.000240665
0.000240322
0.00023998
0.000239639
0.000239299
0.000238961
0.000238623
0.000238286
0.000237951
0.000237616
0.000237283
0.00023695
0.000236619
0.000236288
0.000235959
0.000235631
0.000235303
0.000234977
0.000234652
0.000234327
0.000234004
0.000233681
0.00023336
0.000233039
0.00023272
0.000232401
0.000232084
0.000231767
0.000231451
0.000231137
0.000230823
0.00023051
0.000230198
0.000229887
0.000229577
0.000229268
0.00022896
0.000228652
0.000228346
0.00022804
0.000227736
0.000227432
0.000227129
0.000226827
0.000226526
0.000226226
0.000225927
0.000225628
0.000225331
0.000225034
0.000224738
0.000224443
0.000224149
0.000223856
0.000223563
0.000223272
0.000222981
0.000222691
0.000222402
0.000222114
0.000221826
0.00022154
0.000221254
0.000220969
0.000220685
0.000220401
0.000220119
0.000219837
0.000219556
0.000219276
0.000218996
0.000218717
0.00021844
0.000218162
0.000217886
0.000217611
0.000217336
0.000217062
0.000216789
0.000216516
0.000216244
0.000215973
0.000215703
0.000215434
0.000215165
0.000214897
0.00021463
0.000214363
0.000214097
0.000213832
0.000213568
0.000213304
0.000213041
0.000212779
0.000212517
0.000212256
0.000211996
0.000211737
0.000211478
0.00021122
0.000210963
0.000210706
0.00021045
0.000210195
0.000209941
0.000209687
0.000209433
0.000209181
0.000208929
0.000208678
0.000208427
0.000208177
0.000207928
0.00020768
0.000207432
0.000207184
0.000206938
0.000206692
0.000206446
0.000206202
0.000205958
0.000205714
0.000205471
0.000205229
0.000204988
0.000204747
0.000204507
0.000204267
0.000204028
0.00020379
0.000203552
0.000203315
0.000203078
0.000202842
0.000202607
0.000202372
0.000202138
0.000201904
0.000201671
0.000201439
0.000201207
0.000200976
0.000200745
0.000200515
0.000200285
0.000200057
0.000199828
0.000199601
0.000199373
0.000199147
0.000198921
0.000198695
0.00019847
0.000198246
0.000198022
0.000197799
0.000197576
0.000197354
0.000197133
0.000196911
0.000196691
0.000196471
0.000196252
0.000196033
0.000195814
0.000195597
0.000195379
0.000195163
0.000194946
0.000194731
0.000194516
0.000194301
0.000194087
0.000193873
0.00019366
0.000193448
0.000193236
0.000193024
0.000192813
0.000192603
0.000192393
0.000192183
0.000191974
0.000191766
0.000191558
0.00019135
0.000191143
0.000190937
0.000190731
0.000190525
0.00019032
0.000190115
0.000189911
0.000189708
0.000189505
0.000189302
0.0001891
0.000188898
0.000188697
0.000188496
0.000188296
0.000188096
0.000187897
0.000187698
0.0001875
0.000187302
0.000187104
0.000186907
0.000186711
0.000186514
0.000186319
0.000186124
0.000185929
0.000185734
0.000185541
0.000185347
0.000185154
0.000184962
0.00018477
0.000184578
0.000184387
0.000184196
0.000184006
0.000183816
0.000183626
0.000183437
0.000183249
0.00018306
0.000182873
0.000182685
0.000182498
0.000182312
0.000182126
0.00018194
0.000181755
0.00018157
0.000181386
0.000181202
0.000181018
0.000180835
0.000180652
0.00018047
0.000180288
0.000180106
0.000179925
0.000179744
0.000179564
0.000179384
0.000179204
0.000179025
0.000178846
0.000178668
0.00017849
0.000178312
0.000178135
0.000177958
0.000177782
0.000177606
0.00017743
0.000177255
0.00017708
0.000176905
0.000176731
0.000176558
0.000176384
0.000176211
0.000176039
0.000175866
0.000175694
0.000175523
0.000175352
0.000175181
0.00017501
0.00017484
0.000174671
0.000174501
0.000174332
0.000174164
0.000173995
0.000173828
0.00017366
0.000173493
0.000173326
0.00017316
0.000172993
0.000172828
0.000172662
0.000172497
0.000172332
0.000172168
0.000172004
0.00017184
0.000171677
0.000171514
0.000171351
0.000171189
0.000171027
0.000170865
0.000170704
0.000170543
0.000170382
0.000170222
0.000170062
0.000169902
0.000169743
0.000169584
0.000169425
0.000169267
0.000169109
0.000168951
0.000168794
0.000168637
0.00016848
0.000168324
0.000168168
0.000168012
0.000167857
0.000167701
0.000167547
0.000167392
0.000167238
0.000167084
0.00016693
0.000166777
0.000166624
0.000166472
0.000166319
0.000166167
0.000166016
0.000165864
0.000165713
0.000165562
0.000165412
0.000165262
0.000165112
0.000164962
0.000164813
0.000164664
0.000164515
0.000164367
0.000164219
0.000164071
0.000163923
0.000163776
0.000163629
0.000163482
0.000163336
0.00016319
0.000163044
0.000162899
0.000162753
0.000162609
0.000162464
0.00016232
0.000162175
0.000162032
0.000161888
0.000161745
0.000161602
0.000161459
0.000161317
0.000161175
0.000161033
0.000160891
0.00016075
0.000160609
0.000160468
0.000160328
0.000160188
0.000160048
0.000159908
0.000159768
0.000159629
0.00015949
0.000159352
0.000159214
0.000159075
0.000158938
0.0001588
0.000158663
0.000158526
0.000158389
0.000158252
0.000158116
0.00015798
0.000157845
0.000157709
0.000157574
0.000157439
0.000157304
0.00015717
0.000157035
0.000156902
0.000156768
0.000156634
0.000156501
0.000156368
0.000156236
0.000156103
0.000155971
0.000155839
0.000155707
0.000155576
0.000155445
0.000155314
0.000155183
0.000155052
0.000154922
0.000154792
0.000154662
0.000154533
0.000154403
0.000154274
0.000154146
0.000154017
0.000153889
0.000153761
0.000153633
0.000153505
0.000153378
0.00015325
0.000153123
0.000152997
0.00015287
0.000152744
0.000152618
0.000152492
0.000152367
0.000152241
0.000152116
0.000151991
0.000151867
0.000151742
0.000151618
0.000151494
0.00015137
0.000151247
0.000151123
0.000151
0.000150877
0.000150755
0.000150632
0.00015051
0.000150388
0.000150266
0.000150145
0.000150023
0.000149902
0.000149781
0.000149661
0.00014954
0.00014942
0.0001493
0.00014918
0.00014906
0.000148941
0.000148822
0.000148703
0.000148584
0.000148465
0.000148347
0.000148229
0.000148111
0.000147993
0.000147876
0.000147758
0.000147641
0.000147524
0.000147407
0.000147291
0.000147175
0.000147059
0.000146943
0.000146827
0.000146711
0.000146596
0.000146481
0.000146366
0.000146251
0.000146137
0.000146022
0.000145908
0.000145794
0.000145681
0.000145567
0.000145454
0.000145341
0.000145228
0.000145115
0.000145002
0.00014489
0.000144778
0.000144666
0.000144554
0.000144442
0.000144331
0.00014422
0.000144109
0.000143998
0.000143887
0.000143777
0.000143666
0.000143556
0.000143446
0.000143337
0.000143227
0.000143118
0.000143008
0.000142899
0.000142791
0.000142682
0.000142574
0.000142465
0.000142357
0.000142249
0.000142141
0.000142034
0.000141927
0.000141819
0.000141712
0.000141606
0.000141499
0.000141392
0.000141286
0.00014118
0.000141074
0.000140968
0.000140863
0.000140757
0.000140652
0.000140547
0.000140442
0.000140337
0.000140233
0.000140128
0.000140024
0.00013992
0.000139816
0.000139712
0.000139609
0.000139505
0.000139402
0.000139299
0.000139196
0.000139094
0.000138991
0.000138889
0.000138786
0.000138684
0.000138583
0.000138481
0.000138379
0.000138278
0.000138177
0.000138076
0.000137975
0.000137874
0.000137773
0.000137673
0.000137573
0.000137473
0.000137373
0.000137273
0.000137173
0.000137074
0.000136975
0.000136876
0.000136777
0.000136678
0.000136579
0.000136481
0.000136382
0.000136284
0.000136186
0.000136088
0.00013599
0.000135893
0.000135795
0.000135698
0.000135601
0.000135504
0.000135407
0.000135311
0.000135214
0.000135118
0.000135022
0.000134926
0.00013483
0.000134734
0.000134638
0.000134543
0.000134448
0.000134353
0.000134258
0.000134163
0.000134068
0.000133973
0.000133879
0.000133785
0.000133691
0.000133597
0.000133503
0.000133409
0.000133316
0.000133222
0.000133129
0.000133036
0.000132943
0.00013285
0.000132757
0.000132665
0.000132573
0.00013248
0.000132388
0.000132296
0.000132204
0.000132113
0.000132021
0.00013193
0.000131838
0.000131747
0.000131656
0.000131566
0.000131475
0.000131384
0.000131294
0.000131204
0.000131113
0.000131023
0.000130933
0.000130844
0.000130754
0.000130665
0.000130575
0.000130486
0.000130397
0.000130308
0.000130219
0.000130131
0.000130042
0.000129954
0.000129865
0.000129777
0.000129689
0.000129601
0.000129513
0.000129426
0.000129338
0.000129251
0.000129164
0.000129077
0.00012899
0.000128903
0.000128816
0.00012873
0.000128643
0.000128557
0.000128471
0.000128384
0.000128299
0.000128213
0.000128127
0.000128041
0.000127956
0.000127871
0.000127785
0.0001277
0.000127615
0.000127531
0.000127446
0.000127361
0.000127277
0.000127193
0.000127108
0.000127024
0.00012694
0.000126857
0.000126773
0.000126689
0.000126606
0.000126522
0.000126439
0.000126356
0.000126273
0.00012619
0.000126107
0.000126025
0.000125942
0.00012586
0.000125778
0.000125696
0.000125614
0.000125532
0.00012545
0.000125368
0.000125287
0.000125205
0.000125124
0.000125043
0.000124961
0.00012488
0.0001248
0.000124719
0.000124638
0.000124558
0.000124477
0.000124397
0.000124317
0.000124237
0.000124157
0.000124077
0.000123997
0.000123918
0.000123838
0.000123759
0.000123679
0.0001236
0.000123521
0.000123442
0.000123363
0.000123285
0.000123206
0.000123128
0.000123049
0.000122971
0.000122893
0.000122815
0.000122737
0.000122659
0.000122581
0.000122504
0.000122426
0.000122349
0.000122271
0.000122194
0.000122117
0.00012204
0.000121963
0.000121887
0.00012181
0.000121733
0.000121657
0.000121581
0.000121504
0.000121428
0.000121352
0.000121276
0.0001212
0.000121125
0.000121049
0.000120974
0.000120898
0.000120823
0.000120748
0.000120673
0.000120598
0.000120523
0.000120448
0.000120373
0.000120299
0.000120224
0.00012015
0.000120076
0.000120001
0.000119927
0.000119853
0.00011978
0.000119706
0.000119632
0.000119559
0.000119485
0.000119412
0.000119338
0.000119265
0.000119192
0.000119119
0.000119046
0.000118974
0.000118901
0.000118828
0.000118756
0.000118683
0.000118611
0.000118539
0.000118467
0.000118395
0.000118323
0.000118251
0.000118179
0.000118108
0.000118036
0.000117965
0.000117894
0.000117822
0.000117751
0.00011768
0.000117609
0.000117538
0.000117468
0.000117397
0.000117326
0.000117256
0.000117185
0.000117115
0.000117045
0.000116975
0.000116905
0.000116835
0.000116765
0.000116695
0.000116626
0.000116556
0.000116487
0.000116417
0.000116348
0.000116279
0.00011621
0.000116141
0.000116072
0.000116003
0.000115934
0.000115866
0.000115797
0.000115729
0.00011566
0.000115592
0.000115524
0.000115456
0.000115387
0.00011532
0.000115252
0.000115184
0.000115116
0.000115049
0.000114981
0.000114914
0.000114846
0.000114779
0.000114712
0.000114645
0.000114578
0.000114511
0.000114444
0.000114378
0.000114311
0.000114244
0.000114178
0.000114112
0.000114045
0.000113979
0.000113913
0.000113847
0.000113781
0.000113715
0.000113649
0.000113584
0.000113518
0.000113452
0.000113387
0.000113322
0.000113256
0.000113191
0.000113126
0.000113061
0.000112996
0.000112931
0.000112866
0.000112802
0.000112737
0.000112672
0.000112608
0.000112543
0.000112479
0.000112415
0.000112351
0.000112287
0.000112223
0.000112159
0.000112095
0.000112031
0.000111968
0.000111904
0.000111841
0.000111777
0.000111714
0.000111651
0.000111587
0.000111524
0.000111461
0.000111398
0.000111335
0.000111273
0.00011121
0.000111147
0.000111085
0.000111022
0.00011096
0.000110897
0.000110835
0.000110773
0.000110711
0.000110649
0.000110587
0.000110525
0.000110463
0.000110402
0.00011034
0.000110278
0.000110217
0.000110155
0.000110094
0.000110033
0.000109972
0.000109911
0.00010985
0.000109789
0.000109728
0.000109667
0.000109606
0.000109545
0.000109485
0.000109424
0.000109364
0.000109304
0.000109243
0.000109183
0.000109123
0.000109063
0.000109003
0.000108943
0.000108883
0.000108823
0.000108763
0.000108704
0.000108644
0.000108585
0.000108525
0.000108466
0.000108407
0.000108347
0.000108288
0.000108229
0.00010817
0.000108111
0.000108052
0.000107994
0.000107935
0.000107876
0.000107818
0.000107759
0.000107701
0.000107642
0.000107584
0.000107526
0.000107468
0.00010741
0.000107352
0.000107294
0.000107236
0.000107178
0.00010712
0.000107063
0.000107005
0.000106947
0.00010689
0.000106833
0.000106775
0.000106718
0.000106661
0.000106604
0.000106547
0.00010649
0.000106433
0.000106376
0.000106319
0.000106262
0.000106206
0.000106149
0.000106092
0.000106036
0.00010598
0.000105923
0.000105867
0.000105811
0.000105755
0.000105699
0.000105643
0.000105587
0.000105531
0.000105475
0.000105419
0.000105363
0.000105308
0.000105252
0.000105197
0.000105141
0.000105086
0.000105031
0.000104976
0.00010492
0.000104865
0.00010481
0.000104755
0.0001047
0.000104646
0.000104591
0.000104536
0.000104481
0.000104427
0.000104372
0.000104318
0.000104263
0.000104209
0.000104155
0.000104101
0.000104046
0.000103992
0.000103938
0.000103884
0.00010383
0.000103777
0.000103723
0.000103669
0.000103615
0.000103562
0.000103508
0.000103455
0.000103401
0.000103348
0.000103295
0.000103241
0.000103188
0.000103135
0.000103082
0.000103029
0.000102976
0.000102923
0.00010287
0.000102818
0.000102765
0.000102712
0.00010266
0.000102607
0.000102555
0.000102502
0.00010245
0.000102398
0.000102346
0.000102293
0.000102241
0.000102189
0.000102137
0.000102085
0.000102033
0.000101982
0.00010193
0.000101878
0.000101827
0.000101775
0.000101723
0.000101672
0.000101621
0.000101569
0.000101518
0.000101467
0.000101415
0.000101364
0.000101313
0.000101262
0.000101211
0.00010116
0.00010111
0.000101059
0.000101008
0.000100957
0.000100907
0.000100856
0.000100806
0.000100755
0.000100705
0.000100655
0.000100604
0.000100554
0.000100504
0.000100454
0.000100404
0.000100354
0.000100304
0.000100254
0.000100204
0.000100154
0.000100104
0.000100055
0.000100005
9.99555e-05
9.9906e-05
9.98566e-05
9.98072e-05
9.97578e-05
9.97085e-05
9.96592e-05
9.961e-05
9.95609e-05
9.95118e-05
9.94628e-05
9.94138e-05
9.93649e-05
9.9316e-05
9.92672e-05
9.92184e-05
9.91697e-05
9.9121e-05
9.90724e-05
9.90238e-05
9.89753e-05
9.89269e-05
9.88785e-05
9.88301e-05
9.87818e-05
9.87336e-05
9.86854e-05
9.86373e-05
9.85892e-05
9.85411e-05
9.84931e-05
9.84452e-05
9.83973e-05
9.83495e-05
9.83017e-05
9.8254e-05
9.82063e-05
9.81587e-05
9.81111e-05
9.80635e-05
9.80161e-05
9.79686e-05
9.79213e-05
9.78739e-05
9.78267e-05
9.77794e-05
9.77323e-05
9.76851e-05
9.76381e-05
9.7591e-05
9.75441e-05
9.74972e-05
9.74503e-05
9.74035e-05
9.73567e-05
9.73099e-05
9.72633e-05
9.72166e-05
9.71701e-05
9.71235e-05
9.70771e-05
9.70306e-05
9.69842e-05
9.69379e-05
9.68916e-05
9.68454e-05
9.67992e-05
9.67531e-05
9.6707e-05
9.66609e-05
9.66149e-05
9.6569e-05
9.65231e-05
9.64772e-05
9.64314e-05
9.63857e-05
9.634e-05
9.62943e-05
9.62487e-05
9.62032e-05
9.61576e-05
9.61122e-05
9.60668e-05
9.60214e-05
9.59761e-05
9.59308e-05
9.58855e-05
9.58404e-05
9.57952e-05
9.57501e-05
9.57051e-05
9.56601e-05
9.56151e-05
9.55702e-05
9.55254e-05
9.54806e-05
9.54358e-05
9.53911e-05
9.53464e-05
9.53018e-05
9.52572e-05
9.52127e-05
9.51682e-05
9.51237e-05
9.50793e-05
9.5035e-05
9.49907e-05
9.49464e-05
9.49022e-05
9.4858e-05
9.48139e-05
9.47698e-05
9.47258e-05
9.46818e-05
9.46379e-05
9.4594e-05
9.45501e-05
9.45063e-05
9.44625e-05
9.44188e-05
9.43751e-05
9.43315e-05
9.42879e-05
9.42444e-05
9.42009e-05
9.41574e-05
9.4114e-05
9.40706e-05
9.40273e-05
9.3984e-05
9.39408e-05
9.38976e-05
9.38545e-05
9.38114e-05
9.37683e-05
9.37253e-05
9.36823e-05
9.36394e-05
9.35965e-05
9.35537e-05
9.35109e-05
9.34681e-05
9.34254e-05
9.33827e-05
9.33401e-05
9.32975e-05
9.3255e-05
9.32125e-05
9.317e-05
9.31276e-05
9.30852e-05
9.30429e-05
9.30006e-05
9.29584e-05
9.29162e-05
9.2874e-05
9.28319e-05
9.27898e-05
9.27478e-05
9.27058e-05
9.26638e-05
9.26219e-05
9.25801e-05
9.25382e-05
9.24965e-05
9.24547e-05
9.2413e-05
9.23714e-05
9.23297e-05
9.22882e-05
9.22466e-05
9.22051e-05
9.21637e-05
9.21223e-05
9.20809e-05
9.20396e-05
9.19983e-05
9.1957e-05
9.19158e-05
9.18747e-05
9.18336e-05
9.17925e-05
9.17514e-05
9.17104e-05
9.16695e-05
9.16285e-05
9.15876e-05
9.15468e-05
9.1506e-05
9.14652e-05
9.14245e-05
9.13838e-05
9.13432e-05
9.13026e-05
9.1262e-05
9.12215e-05
9.1181e-05
9.11406e-05
9.11002e-05
9.10598e-05
9.10195e-05
9.09792e-05
9.09389e-05
9.08987e-05
9.08586e-05
9.08184e-05
9.07783e-05
9.07383e-05
9.06983e-05
9.06583e-05
9.06184e-05
9.05785e-05
9.05386e-05
9.04988e-05
9.0459e-05
9.04193e-05
9.03796e-05
9.03399e-05
9.03003e-05
9.02607e-05
9.02211e-05
9.01816e-05
9.01422e-05
9.01027e-05
9.00633e-05
9.0024e-05
8.99846e-05
8.99454e-05
8.99061e-05
8.98669e-05
8.98277e-05
8.97886e-05
8.97495e-05
8.97104e-05
8.96714e-05
8.96324e-05
8.95935e-05
8.95546e-05
8.95157e-05
8.94769e-05
8.94381e-05
8.93993e-05
8.93606e-05
8.93219e-05
8.92833e-05
8.92446e-05
8.92061e-05
8.91675e-05
8.9129e-05
8.90906e-05
8.90521e-05
8.90137e-05
8.89754e-05
8.89371e-05
8.88988e-05
8.88605e-05
8.88223e-05
8.87841e-05
8.8746e-05
8.87079e-05
8.86698e-05
8.86318e-05
8.85938e-05
8.85559e-05
8.85179e-05
8.848e-05
8.84422e-05
8.84044e-05
8.83666e-05
8.83288e-05
8.82911e-05
8.82535e-05
8.82158e-05
8.81782e-05
8.81407e-05
8.81031e-05
8.80656e-05
8.80282e-05
8.79907e-05
8.79533e-05
8.7916e-05
8.78787e-05
8.78414e-05
8.78041e-05
8.77669e-05
8.77297e-05
8.76926e-05
8.76555e-05
8.76184e-05
8.75813e-05
8.75443e-05
8.75074e-05
8.74704e-05
8.74335e-05
8.73966e-05
8.73598e-05
8.7323e-05
8.72862e-05
8.72495e-05
8.72128e-05
8.71761e-05
8.71395e-05
8.71029e-05
8.70663e-05
8.70298e-05
8.69933e-05
8.69568e-05
8.69204e-05
8.6884e-05
8.68476e-05
8.68113e-05
8.6775e-05
8.67387e-05
8.67025e-05
8.66663e-05
8.66302e-05
8.6594e-05
8.65579e-05
8.65219e-05
8.64858e-05
8.64498e-05
8.64139e-05
8.63779e-05
8.6342e-05
8.63062e-05
8.62703e-05
8.62345e-05
8.61988e-05
8.6163e-05
8.61273e-05
8.60917e-05
8.6056e-05
8.60204e-05
8.59849e-05
8.59493e-05
8.59138e-05
8.58783e-05
8.58429e-05
8.58075e-05
8.57721e-05
8.57368e-05
8.57014e-05
8.56662e-05
8.56309e-05
8.55957e-05
8.55605e-05
8.55253e-05
8.54902e-05
8.54551e-05
8.54201e-05
8.5385e-05
8.535e-05
8.53151e-05
8.52802e-05
8.52453e-05
8.52104e-05
8.51755e-05
8.51407e-05
8.5106e-05
8.50712e-05
8.50365e-05
8.50018e-05
8.49672e-05
8.49326e-05
8.4898e-05
8.48634e-05
8.48289e-05
8.47944e-05
8.47599e-05
8.47255e-05
8.46911e-05
8.46567e-05
8.46224e-05
8.45881e-05
8.45538e-05
8.45195e-05
8.44853e-05
8.44511e-05
8.4417e-05
8.43828e-05
8.43487e-05
8.43147e-05
8.42806e-05
8.42466e-05
8.42127e-05
8.41787e-05
8.41448e-05
8.41109e-05
8.4077e-05
8.40432e-05
8.40094e-05
8.39757e-05
8.39419e-05
8.39082e-05
8.38745e-05
8.38409e-05
8.38073e-05
8.37737e-05
8.37401e-05
8.37066e-05
8.36731e-05
8.36396e-05
8.36062e-05
8.35728e-05
8.35394e-05
8.35061e-05
8.34727e-05
8.34394e-05
8.34062e-05
8.3373e-05
8.33397e-05
8.33066e-05
8.32734e-05
8.32403e-05
8.32072e-05
8.31742e-05
8.31411e-05
8.31081e-05
8.30752e-05
8.30422e-05
8.30093e-05
8.29764e-05
8.29436e-05
8.29107e-05
8.28779e-05
8.28451e-05
8.28124e-05
8.27797e-05
8.2747e-05
8.27143e-05
8.26817e-05
8.26491e-05
8.26165e-05
8.2584e-05
8.25515e-05
8.2519e-05
8.24865e-05
8.24541e-05
8.24217e-05
8.23893e-05
8.2357e-05
8.23247e-05
8.22924e-05
8.22601e-05
8.22279e-05
8.21957e-05
8.21635e-05
8.21313e-05
8.20992e-05
8.20671e-05
8.2035e-05
8.2003e-05
8.1971e-05
8.1939e-05
8.1907e-05
8.18751e-05
8.18432e-05
8.18113e-05
8.17795e-05
8.17476e-05
8.17158e-05
8.16841e-05
8.16523e-05
8.16206e-05
8.15889e-05
8.15573e-05
8.15256e-05
8.1494e-05
8.14625e-05
8.14309e-05
8.13994e-05
8.13679e-05
8.13364e-05
8.1305e-05
8.12736e-05
8.12422e-05
8.12108e-05
8.11795e-05
8.11482e-05
8.11169e-05
8.10856e-05
8.10544e-05
8.10232e-05
8.0992e-05
8.09609e-05
8.09297e-05
8.08986e-05
8.08676e-05
8.08365e-05
8.08055e-05
8.07745e-05
8.07435e-05
8.07126e-05
8.06817e-05
8.06508e-05
8.06199e-05
8.05891e-05
8.05583e-05
8.05275e-05
8.04967e-05
8.0466e-05
8.04353e-05
8.04046e-05
8.0374e-05
8.03433e-05
8.03127e-05
8.02821e-05
8.02516e-05
8.02211e-05
8.01906e-05
8.01601e-05
8.01296e-05
8.00992e-05
8.00688e-05
8.00384e-05
8.00081e-05
7.99778e-05
7.99475e-05
7.99172e-05
7.98869e-05
7.98567e-05
7.98265e-05
7.97964e-05
7.97662e-05
7.97361e-05
7.9706e-05
7.96759e-05
7.96459e-05
7.96158e-05
7.95858e-05
7.95559e-05
7.95259e-05
7.9496e-05
7.94661e-05
7.94362e-05
7.94064e-05
7.93766e-05
7.93468e-05
7.9317e-05
7.92872e-05
7.92575e-05
7.92278e-05
7.91981e-05
7.91685e-05
7.91389e-05
7.91093e-05
7.90797e-05
7.90501e-05
7.90206e-05
7.89911e-05
7.89616e-05
7.89322e-05
7.89027e-05
7.88733e-05
7.88439e-05
7.88146e-05
7.87852e-05
7.87559e-05
7.87266e-05
7.86974e-05
7.86681e-05
7.86389e-05
7.86097e-05
7.85806e-05
7.85514e-05
7.85223e-05
7.84932e-05
7.84641e-05
7.84351e-05
7.8406e-05
7.8377e-05
7.83481e-05
7.83191e-05
7.82902e-05
7.82613e-05
7.82324e-05
7.82035e-05
7.81747e-05
7.81459e-05
7.81171e-05
7.80883e-05
7.80596e-05
7.80309e-05
7.80022e-05
7.79735e-05
7.79448e-05
7.79162e-05
7.78876e-05
7.7859e-05
7.78305e-05
7.78019e-05
7.77734e-05
7.77449e-05
7.77165e-05
7.7688e-05
7.76596e-05
7.76312e-05
7.76028e-05
7.75745e-05
7.75461e-05
7.75178e-05
7.74896e-05
7.74613e-05
7.74331e-05
7.74048e-05
7.73767e-05
7.73485e-05
7.73203e-05
7.72922e-05
7.72641e-05
7.7236e-05
7.7208e-05
7.71799e-05
7.71519e-05
7.71239e-05
7.7096e-05
7.7068e-05
7.70401e-05
7.70122e-05
7.69843e-05
7.69565e-05
7.69286e-05
7.69008e-05
7.6873e-05
7.68453e-05
7.68175e-05
7.67898e-05
7.67621e-05
7.67344e-05
7.67068e-05
7.66791e-05
7.66515e-05
7.66239e-05
7.65964e-05
7.65688e-05
7.65413e-05
7.65138e-05
7.64863e-05
7.64588e-05
7.64314e-05
7.6404e-05
7.63766e-05
7.63492e-05
7.63219e-05
7.62945e-05
7.62672e-05
7.62399e-05
7.62127e-05
7.61854e-05
7.61582e-05
7.6131e-05
7.61038e-05
7.60767e-05
7.60495e-05
7.60224e-05
7.59953e-05
7.59682e-05
7.59412e-05
7.59142e-05
7.58871e-05
7.58602e-05
7.58332e-05
7.58062e-05
7.57793e-05
7.57524e-05
7.57255e-05
7.56987e-05
7.56718e-05
7.5645e-05
7.56182e-05
7.55914e-05
7.55647e-05
7.55379e-05
7.55112e-05
7.54845e-05
7.54578e-05
7.54312e-05
7.54046e-05
7.53779e-05
7.53514e-05
7.53248e-05
7.52982e-05
7.52717e-05
7.52452e-05
7.52187e-05
7.51922e-05
7.51658e-05
7.51394e-05
7.5113e-05
7.50866e-05
7.50602e-05
7.50339e-05
7.50075e-05
7.49812e-05
7.4955e-05
7.49287e-05
7.49024e-05
7.48762e-05
7.485e-05
7.48238e-05
7.47977e-05
7.47715e-05
7.47454e-05
7.47193e-05
7.46932e-05
7.46672e-05
7.46411e-05
7.46151e-05
7.45891e-05
7.45631e-05
7.45372e-05
7.45112e-05
7.44853e-05
7.44594e-05
7.44335e-05
7.44076e-05
7.43818e-05
7.4356e-05
7.43302e-05
7.43044e-05
7.42786e-05
7.42529e-05
7.42272e-05
7.42015e-05
7.41758e-05
7.41501e-05
7.41245e-05
7.40988e-05
7.40732e-05
7.40476e-05
7.40221e-05
7.39965e-05
7.3971e-05
7.39455e-05
7.392e-05
7.38945e-05
7.38691e-05
7.38436e-05
7.38182e-05
7.37928e-05
7.37674e-05
7.37421e-05
7.37168e-05
7.36914e-05
7.36661e-05
7.36409e-05
7.36156e-05
7.35904e-05
7.35651e-05
7.35399e-05
7.35148e-05
7.34896e-05
7.34644e-05
7.34393e-05
7.34142e-05
7.33891e-05
7.3364e-05
7.3339e-05
7.3314e-05
7.3289e-05
7.3264e-05
7.3239e-05
7.3214e-05
7.31891e-05
7.31642e-05
7.31393e-05
7.31144e-05
7.30895e-05
7.30647e-05
7.30398e-05
7.3015e-05
7.29903e-05
7.29655e-05
7.29407e-05
7.2916e-05
7.28913e-05
7.28666e-05
7.28419e-05
7.28172e-05
7.27926e-05
7.2768e-05
7.27434e-05
7.27188e-05
7.26942e-05
7.26697e-05
7.26451e-05
7.26206e-05
7.25961e-05
7.25717e-05
7.25472e-05
7.25228e-05
7.24983e-05
7.24739e-05
7.24495e-05
7.24252e-05
7.24008e-05
7.23765e-05
7.23522e-05
7.23279e-05
7.23036e-05
7.22793e-05
7.22551e-05
7.22309e-05
7.22067e-05
7.21825e-05
7.21583e-05
7.21342e-05
7.211e-05
7.20859e-05
7.20618e-05
7.20377e-05
7.20137e-05
7.19896e-05
7.19656e-05
7.19416e-05
7.19176e-05
7.18936e-05
7.18696e-05
7.18457e-05
7.18218e-05
7.17979e-05
7.1774e-05
7.17501e-05
7.17263e-05
7.17024e-05
7.16786e-05
7.16548e-05
7.1631e-05
7.16073e-05
7.15835e-05
7.15598e-05
7.15361e-05
7.15124e-05
7.14887e-05
7.1465e-05
7.14414e-05
7.14178e-05
7.13941e-05
7.13706e-05
7.1347e-05
7.13234e-05
7.12999e-05
7.12764e-05
7.12528e-05
7.12294e-05
7.12059e-05
7.11824e-05
7.1159e-05
7.11356e-05
7.11122e-05
7.10888e-05
7.10654e-05
7.1042e-05
7.10187e-05
7.09954e-05
7.09721e-05
7.09488e-05
7.09255e-05
7.09023e-05
7.0879e-05
7.08558e-05
7.08326e-05
7.08094e-05
7.07863e-05
7.07631e-05
7.074e-05
7.07169e-05
7.06938e-05
7.06707e-05
7.06476e-05
7.06245e-05
7.06015e-05
7.05785e-05
7.05555e-05
7.05325e-05
7.05095e-05
7.04866e-05
7.04636e-05
7.04407e-05
7.04178e-05
7.03949e-05
7.03721e-05
7.03492e-05
7.03264e-05
7.03035e-05
7.02807e-05
7.02579e-05
7.02352e-05
7.02124e-05
7.01897e-05
7.01669e-05
7.01442e-05
7.01215e-05
7.00989e-05
7.00762e-05
7.00536e-05
7.00309e-05
7.00083e-05
6.99857e-05
6.99631e-05
6.99406e-05
6.9918e-05
6.98955e-05
6.9873e-05
6.98505e-05
6.9828e-05
6.98055e-05
6.97831e-05
6.97607e-05
6.97382e-05
6.97158e-05
6.96934e-05
6.96711e-05
6.96487e-05
6.96264e-05
6.9604e-05
6.95817e-05
6.95594e-05
6.95372e-05
6.95149e-05
6.94927e-05
6.94704e-05
6.94482e-05
6.9426e-05
6.94038e-05
6.93817e-05
6.93595e-05
6.93374e-05
6.93152e-05
6.92931e-05
6.92711e-05
6.9249e-05
6.92269e-05
6.92049e-05
6.91828e-05
6.91608e-05
6.91388e-05
6.91169e-05
6.90949e-05
6.90729e-05
6.9051e-05
6.90291e-05
6.90072e-05
6.89853e-05
6.89634e-05
6.89416e-05
6.89197e-05
6.88979e-05
6.88761e-05
6.88543e-05
6.88325e-05
6.88107e-05
6.8789e-05
6.87672e-05
6.87455e-05
6.87238e-05
6.87021e-05
6.86804e-05
6.86588e-05
6.86371e-05
6.86155e-05
6.85939e-05
6.85723e-05
6.85507e-05
6.85291e-05
6.85075e-05
6.8486e-05
6.84645e-05
6.8443e-05
6.84215e-05
6.84e-05
6.83785e-05
6.83571e-05
6.83356e-05
6.83142e-05
6.82928e-05
6.82714e-05
6.825e-05
6.82287e-05
6.82073e-05
6.8186e-05
6.81647e-05
6.81434e-05
6.81221e-05
6.81008e-05
6.80795e-05
6.80583e-05
6.8037e-05
6.80158e-05
6.79946e-05
6.79734e-05
6.79523e-05
6.79311e-05
6.791e-05
6.78888e-05
6.78677e-05
6.78466e-05
6.78255e-05
6.78044e-05
6.77834e-05
6.77623e-05
6.77413e-05
6.77203e-05
6.76993e-05
6.76783e-05
6.76573e-05
6.76364e-05
6.76154e-05
6.75945e-05
6.75736e-05
6.75527e-05
6.75318e-05
6.75109e-05
6.74901e-05
6.74692e-05
6.74484e-05
6.74276e-05
6.74068e-05
6.7386e-05
6.73652e-05
6.73445e-05
6.73237e-05
6.7303e-05
6.72823e-05
6.72616e-05
6.72409e-05
6.72202e-05
6.71996e-05
6.71789e-05
6.71583e-05
6.71377e-05
6.71171e-05
6.70965e-05
6.70759e-05
6.70553e-05
6.70348e-05
6.70142e-05
6.69937e-05
6.69732e-05
6.69527e-05
6.69322e-05
6.69118e-05
6.68913e-05
6.68709e-05
6.68505e-05
6.68301e-05
6.68097e-05
6.67893e-05
6.67689e-05
6.67485e-05
6.67282e-05
6.67079e-05
6.66876e-05
6.66673e-05
6.6647e-05
6.66267e-05
6.66064e-05
6.65862e-05
6.6566e-05
6.65457e-05
6.65255e-05
6.65053e-05
6.64852e-05
6.6465e-05
6.64448e-05
6.64247e-05
6.64046e-05
6.63845e-05
6.63644e-05
6.63443e-05
6.63242e-05
6.63041e-05
6.62841e-05
6.62641e-05
6.62441e-05
6.6224e-05
6.62041e-05
6.61841e-05
6.61641e-05
6.61442e-05
6.61242e-05
6.61043e-05
6.60844e-05
6.60645e-05
6.60446e-05
6.60247e-05
6.60049e-05
6.5985e-05
6.59652e-05
6.59454e-05
6.59256e-05
6.59058e-05
6.5886e-05
6.58662e-05
6.58465e-05
6.58267e-05
6.5807e-05
6.57873e-05
6.57676e-05
6.57479e-05
6.57282e-05
6.57085e-05
6.56889e-05
6.56693e-05
6.56496e-05
6.563e-05
6.56104e-05
6.55908e-05
6.55713e-05
6.55517e-05
6.55322e-05
6.55126e-05
6.54931e-05
6.54736e-05
6.54541e-05
6.54346e-05
6.54151e-05
6.53957e-05
6.53762e-05
6.53568e-05
6.53374e-05
6.5318e-05
6.52986e-05
6.52792e-05
6.52598e-05
6.52405e-05
6.52211e-05
6.52018e-05
6.51825e-05
6.51632e-05
6.51439e-05
6.51246e-05
6.51053e-05
6.50861e-05
6.50668e-05
6.50476e-05
6.50284e-05
6.50092e-05
6.499e-05
6.49708e-05
6.49517e-05
6.49325e-05
6.49134e-05
6.48942e-05
6.48751e-05
6.4856e-05
6.48369e-05
6.48178e-05
6.47988e-05
6.47797e-05
6.47607e-05
6.47416e-05
6.47226e-05
6.47036e-05
6.46846e-05
6.46656e-05
6.46467e-05
6.46277e-05
6.46088e-05
6.45898e-05
6.45709e-05
6.4552e-05
6.45331e-05
6.45142e-05
6.44953e-05
6.44765e-05
6.44576e-05
6.44388e-05
6.442e-05
6.44012e-05
6.43824e-05
6.43636e-05
6.43448e-05
6.4326e-05
6.43073e-05
6.42885e-05
6.42698e-05
6.42511e-05
6.42324e-05
6.42137e-05
6.4195e-05
6.41764e-05
6.41577e-05
6.41391e-05
6.41204e-05
6.41018e-05
6.40832e-05
6.40646e-05
6.4046e-05
6.40275e-05
6.40089e-05
6.39903e-05
6.39718e-05
6.39533e-05
6.39348e-05
6.39163e-05
6.38978e-05
6.38793e-05
6.38608e-05
6.38424e-05
6.38239e-05
6.38055e-05
6.37871e-05
6.37687e-05
6.37503e-05
6.37319e-05
6.37135e-05
6.36952e-05
6.36768e-05
6.36585e-05
6.36402e-05
6.36219e-05
6.36036e-05
6.35853e-05
6.3567e-05
6.35487e-05
6.35305e-05
6.35122e-05
6.3494e-05
6.34758e-05
6.34576e-05
6.34394e-05
6.34212e-05
6.3403e-05
6.33848e-05
6.33667e-05
6.33485e-05
6.33304e-05
6.33123e-05
6.32942e-05
6.32761e-05
6.3258e-05
6.32399e-05
6.32219e-05
6.32038e-05
6.31858e-05
6.31678e-05
6.31498e-05
6.31318e-05
6.31138e-05
6.30958e-05
6.30778e-05
6.30598e-05
6.30419e-05
6.3024e-05
6.3006e-05
6.29881e-05
6.29702e-05
6.29523e-05
6.29345e-05
6.29166e-05
6.28987e-05
6.28809e-05
6.2863e-05
6.28452e-05
6.28274e-05
6.28096e-05
6.27918e-05
6.2774e-05
6.27563e-05
6.27385e-05
6.27208e-05
6.2703e-05
6.26853e-05
6.26676e-05
6.26499e-05
6.26322e-05
6.26145e-05
6.25968e-05
6.25792e-05
6.25615e-05
6.25439e-05
6.25263e-05
6.25087e-05
6.24911e-05
6.24735e-05
6.24559e-05
6.24383e-05
6.24208e-05
6.24032e-05
6.23857e-05
6.23681e-05
6.23506e-05
6.23331e-05
6.23156e-05
6.22981e-05
6.22807e-05
6.22632e-05
6.22458e-05
6.22283e-05
6.22109e-05
6.21935e-05
6.21761e-05
6.21587e-05
6.21413e-05
6.21239e-05
6.21065e-05
6.20892e-05
6.20718e-05
6.20545e-05
6.20372e-05
6.20199e-05
6.20026e-05
6.19853e-05
6.1968e-05
6.19507e-05
6.19335e-05
6.19162e-05
6.1899e-05
6.18817e-05
6.18645e-05
6.18473e-05
6.18301e-05
6.18129e-05
6.17958e-05
6.17786e-05
6.17614e-05
6.17443e-05
6.17272e-05
6.171e-05
6.16929e-05
6.16758e-05
6.16587e-05
6.16417e-05
6.16246e-05
6.16075e-05
6.15905e-05
6.15734e-05
6.15564e-05
6.15394e-05
6.15224e-05
6.15054e-05
6.14884e-05
6.14714e-05
6.14545e-05
6.14375e-05
6.14206e-05
6.14036e-05
6.13867e-05
6.13698e-05
6.13529e-05
6.1336e-05
6.13191e-05
6.13022e-05
6.12854e-05
6.12685e-05
6.12517e-05
6.12348e-05
6.1218e-05
6.12012e-05
6.11844e-05
6.11676e-05
6.11508e-05
6.1134e-05
6.11173e-05
6.11005e-05
6.10838e-05
6.10671e-05
6.10503e-05
6.10336e-05
6.10169e-05
6.10002e-05
6.09836e-05
6.09669e-05
6.09502e-05
6.09336e-05
6.09169e-05
6.09003e-05
6.08837e-05
6.08671e-05
6.08505e-05
6.08339e-05
6.08173e-05
6.08007e-05
6.07842e-05
6.07676e-05
6.07511e-05
6.07345e-05
6.0718e-05
6.07015e-05
6.0685e-05
6.06685e-05
6.0652e-05
6.06356e-05
6.06191e-05
6.06026e-05
6.05862e-05
6.05698e-05
6.05533e-05
6.05369e-05
6.05205e-05
6.05041e-05
6.04878e-05
6.04714e-05
6.0455e-05
6.04387e-05
6.04223e-05
6.0406e-05
6.03897e-05
6.03733e-05
6.0357e-05
6.03407e-05
6.03245e-05
6.03082e-05
6.02919e-05
6.02757e-05
6.02594e-05
6.02432e-05
6.02269e-05
6.02107e-05
6.01945e-05
6.01783e-05
6.01621e-05
6.01459e-05
6.01298e-05
6.01136e-05
6.00975e-05
6.00813e-05
6.00652e-05
6.00491e-05
6.00329e-05
6.00168e-05
6.00007e-05
5.99847e-05
5.99686e-05
5.99525e-05
5.99365e-05
5.99204e-05
5.99044e-05
5.98884e-05
5.98723e-05
5.98563e-05
5.98403e-05
5.98243e-05
5.98084e-05
5.97924e-05
5.97764e-05
5.97605e-05
5.97445e-05
5.97286e-05
5.97127e-05
5.96967e-05
5.96808e-05
5.96649e-05
5.96491e-05
5.96332e-05
5.96173e-05
5.96015e-05
5.95856e-05
5.95698e-05
5.95539e-05
5.95381e-05
5.95223e-05
5.95065e-05
5.94907e-05
5.94749e-05
5.94591e-05
5.94434e-05
5.94276e-05
5.94119e-05
5.93961e-05
5.93804e-05
5.93647e-05
5.9349e-05
5.93333e-05
5.93176e-05
5.93019e-05
5.92862e-05
5.92705e-05
5.92549e-05
5.92392e-05
5.92236e-05
5.9208e-05
5.91924e-05
5.91767e-05
5.91611e-05
5.91455e-05
5.913e-05
5.91144e-05
5.90988e-05
5.90833e-05
5.90677e-05
5.90522e-05
5.90366e-05
5.90211e-05
5.90056e-05
5.89901e-05
5.89746e-05
5.89591e-05
5.89437e-05
5.89282e-05
5.89127e-05
5.88973e-05
5.88818e-05
5.88664e-05
5.8851e-05
5.88356e-05
5.88202e-05
5.88048e-05
5.87894e-05
5.8774e-05
5.87586e-05
5.87433e-05
5.87279e-05
5.87126e-05
5.86973e-05
5.86819e-05
5.86666e-05
5.86513e-05
5.8636e-05
5.86207e-05
5.86054e-05
5.85902e-05
5.85749e-05
5.85596e-05
5.85444e-05
5.85292e-05
5.85139e-05
5.84987e-05
5.84835e-05
5.84683e-05
5.84531e-05
5.84379e-05
5.84227e-05
5.84076e-05
5.83924e-05
5.83773e-05
5.83621e-05
5.8347e-05
5.83319e-05
5.83168e-05
5.83016e-05
5.82865e-05
5.82715e-05
5.82564e-05
5.82413e-05
5.82262e-05
5.82112e-05
5.81961e-05
5.81811e-05
5.81661e-05
5.81511e-05
5.8136e-05
5.8121e-05
5.8106e-05
5.80911e-05
5.80761e-05
5.80611e-05
5.80461e-05
5.80312e-05
5.80162e-05
5.80013e-05
5.79864e-05
5.79715e-05
5.79566e-05
5.79416e-05
5.79268e-05
5.79119e-05
5.7897e-05
5.78821e-05
5.78673e-05
5.78524e-05
5.78376e-05
5.78227e-05
5.78079e-05
5.77931e-05
5.77783e-05
5.77635e-05
5.77487e-05
5.77339e-05
5.77191e-05
5.77044e-05
5.76896e-05
5.76748e-05
5.76601e-05
5.76454e-05
5.76306e-05
5.76159e-05
5.76012e-05
5.75865e-05
5.75718e-05
5.75571e-05
5.75425e-05
5.75278e-05
5.75131e-05
5.74985e-05
5.74838e-05
5.74692e-05
5.74546e-05
5.744e-05
5.74253e-05
5.74107e-05
5.73961e-05
5.73816e-05
5.7367e-05
5.73524e-05
5.73378e-05
5.73233e-05
5.73087e-05
5.72942e-05
5.72797e-05
5.72652e-05
5.72506e-05
5.72361e-05
5.72216e-05
5.72072e-05
5.71927e-05
5.71782e-05
5.71637e-05
5.71493e-05
5.71348e-05
5.71204e-05
5.7106e-05
5.70915e-05
5.70771e-05
5.70627e-05
5.70483e-05
5.70339e-05
5.70195e-05
5.70052e-05
5.69908e-05
5.69764e-05
5.69621e-05
5.69477e-05
5.69334e-05
5.69191e-05
5.69047e-05
5.68904e-05
5.68761e-05
5.68618e-05
5.68475e-05
5.68333e-05
5.6819e-05
5.68047e-05
5.67905e-05
5.67762e-05
5.6762e-05
5.67477e-05
5.67335e-05
5.67193e-05
5.67051e-05
5.66909e-05
5.66767e-05
5.66625e-05
5.66483e-05
5.66342e-05
5.662e-05
5.66058e-05
5.65917e-05
5.65775e-05
5.65634e-05
5.65493e-05
5.65352e-05
5.65211e-05
5.6507e-05
5.64929e-05
5.64788e-05
5.64647e-05
5.64506e-05
5.64366e-05
5.64225e-05
5.64085e-05
5.63944e-05
5.63804e-05
5.63664e-05
5.63524e-05
5.63384e-05
5.63244e-05
5.63104e-05
5.62964e-05
5.62824e-05
5.62684e-05
5.62545e-05
5.62405e-05
5.62266e-05
5.62126e-05
5.61987e-05
5.61848e-05
5.61709e-05
5.61569e-05
5.6143e-05
5.61291e-05
5.61153e-05
5.61014e-05
5.60875e-05
5.60736e-05
5.60598e-05
5.60459e-05
5.60321e-05
5.60183e-05
5.60044e-05
5.59906e-05
5.59768e-05
5.5963e-05
5.59492e-05
5.59354e-05
5.59216e-05
5.59079e-05
5.58941e-05
5.58803e-05
5.58666e-05
5.58529e-05
5.58391e-05
5.58254e-05
5.58117e-05
5.5798e-05
5.57842e-05
5.57705e-05
5.57569e-05
5.57432e-05
5.57295e-05
5.57158e-05
5.57022e-05
5.56885e-05
5.56749e-05
5.56612e-05
5.56476e-05
5.5634e-05
5.56203e-05
5.56067e-05
5.55931e-05
5.55795e-05
5.55659e-05
5.55524e-05
5.55388e-05
5.55252e-05
5.55117e-05
5.54981e-05
5.54846e-05
5.5471e-05
5.54575e-05
5.5444e-05
5.54305e-05
5.5417e-05
5.54035e-05
5.539e-05
5.53765e-05
5.5363e-05
5.53495e-05
5.53361e-05
5.53226e-05
5.53091e-05
5.52957e-05
5.52823e-05
5.52688e-05
5.52554e-05
5.5242e-05
5.52286e-05
5.52152e-05
5.52018e-05
5.51884e-05
5.5175e-05
5.51617e-05
5.51483e-05
5.51349e-05
5.51216e-05
5.51083e-05
5.50949e-05
5.50816e-05
5.50683e-05
5.50549e-05
5.50416e-05
5.50283e-05
5.5015e-05
5.50018e-05
5.49885e-05
5.49752e-05
5.49619e-05
5.49487e-05
5.49354e-05
5.49222e-05
5.4909e-05
5.48957e-05
5.48825e-05
5.48693e-05
5.48561e-05
5.48429e-05
5.48297e-05
5.48165e-05
5.48033e-05
5.47901e-05
5.4777e-05
5.47638e-05
5.47507e-05
5.47375e-05
5.47244e-05
5.47112e-05
5.46981e-05
5.4685e-05
5.46719e-05
5.46588e-05
5.46457e-05
5.46326e-05
5.46195e-05
5.46064e-05
5.45934e-05
5.45803e-05
5.45672e-05
5.45542e-05
5.45412e-05
5.45281e-05
5.45151e-05
5.45021e-05
5.44891e-05
5.4476e-05
5.4463e-05
5.44501e-05
5.44371e-05
5.44241e-05
5.44111e-05
5.43981e-05
5.43852e-05
5.43722e-05
5.43593e-05
5.43463e-05
5.43334e-05
5.43205e-05
5.43076e-05
5.42946e-05
5.42817e-05
5.42688e-05
5.4256e-05
5.42431e-05
5.42302e-05
5.42173e-05
5.42044e-05
5.41916e-05
5.41787e-05
5.41659e-05
5.41531e-05
5.41402e-05
5.41274e-05
5.41146e-05
5.41018e-05
5.4089e-05
5.40762e-05
5.40634e-05
5.40506e-05
5.40378e-05
5.4025e-05
5.40123e-05
5.39995e-05
5.39868e-05
5.3974e-05
5.39613e-05
5.39485e-05
5.39358e-05
5.39231e-05
5.39104e-05
5.38977e-05
5.3885e-05
5.38723e-05
5.38596e-05
5.38469e-05
5.38343e-05
5.38216e-05
5.38089e-05
5.37963e-05
5.37836e-05
5.3771e-05
5.37584e-05
5.37457e-05
5.37331e-05
5.37205e-05
5.37079e-05
5.36953e-05
5.36827e-05
5.36701e-05
5.36575e-05
5.36449e-05
5.36324e-05
5.36198e-05
5.36073e-05
5.35947e-05
5.35822e-05
5.35696e-05
5.35571e-05
5.35446e-05
5.35321e-05
5.35196e-05
5.35071e-05
5.34946e-05
5.34821e-05
5.34696e-05
5.34571e-05
5.34446e-05
5.34322e-05
5.34197e-05
5.34073e-05
5.33948e-05
5.33824e-05
5.33699e-05
5.33575e-05
5.33451e-05
5.33327e-05
5.33203e-05
5.33079e-05
5.32955e-05
5.32831e-05
5.32707e-05
5.32583e-05
5.3246e-05
5.32336e-05
5.32212e-05
5.32089e-05
5.31965e-05
5.31842e-05
5.31719e-05
5.31596e-05
5.31472e-05
5.31349e-05
5.31226e-05
5.31103e-05
5.3098e-05
5.30857e-05
5.30735e-05
5.30612e-05
5.30489e-05
5.30366e-05
5.30244e-05
5.30121e-05
5.29999e-05
5.29877e-05
5.29754e-05
5.29632e-05
5.2951e-05
5.29388e-05
5.29266e-05
5.29144e-05
5.29022e-05
5.289e-05
5.28778e-05
5.28656e-05
5.28535e-05
5.28413e-05
5.28291e-05
5.2817e-05
5.28048e-05
5.27927e-05
5.27806e-05
5.27684e-05
5.27563e-05
5.27442e-05
5.27321e-05
5.272e-05
5.27079e-05
5.26958e-05
5.26837e-05
5.26717e-05
5.26596e-05
5.26475e-05
5.26355e-05
5.26234e-05
5.26114e-05
5.25993e-05
5.25873e-05
5.25753e-05
5.25632e-05
5.25512e-05
5.25392e-05
5.25272e-05
5.25152e-05
5.25032e-05
5.24912e-05
5.24792e-05
5.24673e-05
5.24553e-05
5.24433e-05
5.24314e-05
5.24194e-05
5.24075e-05
5.23955e-05
5.23836e-05
5.23717e-05
5.23598e-05
5.23479e-05
5.23359e-05
5.2324e-05
5.23121e-05
5.23003e-05
5.22884e-05
5.22765e-05
5.22646e-05
5.22528e-05
5.22409e-05
5.2229e-05
5.22172e-05
5.22053e-05
5.21935e-05
5.21817e-05
5.21699e-05
5.2158e-05
5.21462e-05
5.21344e-05
5.21226e-05
5.21108e-05
5.2099e-05
5.20872e-05
5.20755e-05
5.20637e-05
5.20519e-05
5.20402e-05
5.20284e-05
5.20167e-05
5.20049e-05
5.19932e-05
5.19815e-05
5.19697e-05
5.1958e-05
5.19463e-05
5.19346e-05
5.19229e-05
5.19112e-05
5.18995e-05
5.18878e-05
5.18761e-05
5.18645e-05
5.18528e-05
5.18411e-05
5.18295e-05
5.18178e-05
5.18062e-05
5.17945e-05
5.17829e-05
5.17713e-05
5.17597e-05
5.1748e-05
5.17364e-05
5.17248e-05
5.17132e-05
5.17016e-05
5.16901e-05
5.16785e-05
5.16669e-05
5.16553e-05
5.16438e-05
5.16322e-05
5.16207e-05
5.16091e-05
5.15976e-05
5.1586e-05
5.15745e-05
5.1563e-05
5.15515e-05
5.15399e-05
5.15284e-05
5.15169e-05
5.15054e-05
5.1494e-05
5.14825e-05
5.1471e-05
5.14595e-05
5.14481e-05
5.14366e-05
5.14251e-05
5.14137e-05
5.14022e-05
5.13908e-05
5.13794e-05
5.13679e-05
5.13565e-05
5.13451e-05
5.13337e-05
5.13223e-05
5.13109e-05
5.12995e-05
5.12881e-05
5.12767e-05
5.12653e-05
5.1254e-05
5.12426e-05
5.12312e-05
5.12199e-05
5.12085e-05
5.11972e-05
5.11858e-05
5.11745e-05
5.11632e-05
5.11519e-05
5.11405e-05
5.11292e-05
5.11179e-05
5.11066e-05
5.10953e-05
5.1084e-05
5.10728e-05
5.10615e-05
5.10502e-05
5.10389e-05
5.10277e-05
5.10164e-05
5.10052e-05
5.09939e-05
5.09827e-05
5.09714e-05
5.09602e-05
5.0949e-05
5.09378e-05
5.09266e-05
5.09154e-05
5.09042e-05
5.0893e-05
5.08818e-05
5.08706e-05
5.08594e-05
5.08482e-05
5.08371e-05
5.08259e-05
5.08147e-05
5.08036e-05
5.07924e-05
5.07813e-05
5.07702e-05
5.0759e-05
5.07479e-05
5.07368e-05
5.07257e-05
5.07145e-05
5.07034e-05
5.06923e-05
5.06812e-05
5.06702e-05
5.06591e-05
5.0648e-05
5.06369e-05
5.06259e-05
5.06148e-05
5.06037e-05
5.05927e-05
5.05816e-05
5.05706e-05
5.05596e-05
5.05485e-05
5.05375e-05
5.05265e-05
5.05155e-05
5.05045e-05
5.04935e-05
5.04825e-05
5.04715e-05
5.04605e-05
5.04495e-05
5.04385e-05
5.04275e-05
5.04166e-05
5.04056e-05
5.03947e-05
5.03837e-05
5.03728e-05
5.03618e-05
5.03509e-05
5.034e-05
5.0329e-05
5.03181e-05
5.03072e-05
5.02963e-05
5.02854e-05
5.02745e-05
5.02636e-05
5.02527e-05
5.02418e-05
5.02309e-05
5.02201e-05
5.02092e-05
5.01983e-05
5.01875e-05
5.01766e-05
5.01658e-05
5.01549e-05
5.01441e-05
5.01333e-05
5.01224e-05
5.01116e-05
5.01008e-05
5.009e-05
5.00792e-05
5.00684e-05
5.00576e-05
5.00468e-05
5.0036e-05
5.00252e-05
5.00145e-05
5.00037e-05
4.99929e-05
4.99822e-05
4.99714e-05
4.99607e-05
4.99499e-05
4.99392e-05
4.99285e-05
4.99177e-05
4.9907e-05
4.98963e-05
4.98856e-05
4.98749e-05
4.98642e-05
4.98535e-05
4.98428e-05
4.98321e-05
4.98214e-05
4.98107e-05
4.98e-05
4.97894e-05
4.97787e-05
4.9768e-05
4.97574e-05
4.97467e-05
4.97361e-05
4.97255e-05
4.97148e-05
4.97042e-05
4.96936e-05
4.9683e-05
4.96723e-05
4.96617e-05
4.96511e-05
4.96405e-05
4.96299e-05
4.96194e-05
4.96088e-05
4.95982e-05
4.95876e-05
4.9577e-05
4.95665e-05
4.95559e-05
4.95454e-05
4.95348e-05
4.95243e-05
4.95137e-05
4.95032e-05
4.94927e-05
4.94822e-05
4.94716e-05
4.94611e-05
4.94506e-05
4.94401e-05
4.94296e-05
4.94191e-05
4.94086e-05
4.93981e-05
4.93877e-05
4.93772e-05
4.93667e-05
4.93563e-05
4.93458e-05
4.93353e-05
4.93249e-05
4.93144e-05
4.9304e-05
4.92936e-05
4.92831e-05
4.92727e-05
4.92623e-05
4.92519e-05
4.92415e-05
4.92311e-05
4.92207e-05
4.92103e-05
4.91999e-05
4.91895e-05
4.91791e-05
4.91687e-05
4.91583e-05
4.9148e-05
4.91376e-05
4.91273e-05
4.91169e-05
4.91066e-05
4.90962e-05
4.90859e-05
4.90755e-05
4.90652e-05
4.90549e-05
4.90446e-05
4.90342e-05
4.90239e-05
4.90136e-05
4.90033e-05
4.8993e-05
4.89827e-05
4.89725e-05
4.89622e-05
4.89519e-05
4.89416e-05
4.89314e-05
4.89211e-05
4.89108e-05
4.89006e-05
4.88903e-05
4.88801e-05
4.88699e-05
4.88596e-05
4.88494e-05
4.88392e-05
4.88289e-05
4.88187e-05
4.88085e-05
4.87983e-05
4.87881e-05
4.87779e-05
4.87677e-05
4.87575e-05
4.87474e-05
4.87372e-05
4.8727e-05
4.87168e-05
4.87067e-05
4.86965e-05
4.86864e-05
4.86762e-05
4.86661e-05
4.86559e-05
4.86458e-05
4.86357e-05
4.86255e-05
4.86154e-05
4.86053e-05
4.85952e-05
4.85851e-05
4.8575e-05
4.85649e-05
4.85548e-05
4.85447e-05
4.85346e-05
4.85245e-05
4.85144e-05
4.85044e-05
4.84943e-05
4.84842e-05
4.84742e-05
4.84641e-05
4.84541e-05
4.8444e-05
4.8434e-05
4.8424e-05
4.84139e-05
4.84039e-05
4.83939e-05
4.83839e-05
4.83739e-05
4.83639e-05
4.83539e-05
4.83439e-05
4.83339e-05
4.83239e-05
4.83139e-05
4.83039e-05
4.82939e-05
4.8284e-05
4.8274e-05
4.8264e-05
4.82541e-05
4.82441e-05
4.82342e-05
4.82242e-05
4.82143e-05
4.82044e-05
4.81944e-05
4.81845e-05
4.81746e-05
4.81647e-05
4.81548e-05
4.81449e-05
4.8135e-05
4.81251e-05
4.81152e-05
4.81053e-05
4.80954e-05
4.80855e-05
4.80756e-05
4.80658e-05
4.80559e-05
4.8046e-05
4.80362e-05
4.80263e-05
4.80165e-05
4.80066e-05
4.79968e-05
4.79869e-05
4.79771e-05
4.79673e-05
4.79575e-05
4.79476e-05
4.79378e-05
4.7928e-05
4.79182e-05
4.79084e-05
4.78986e-05
4.78888e-05
4.7879e-05
4.78693e-05
4.78595e-05
4.78497e-05
4.78399e-05
4.78302e-05
4.78204e-05
4.78107e-05
4.78009e-05
4.77912e-05
4.77814e-05
4.77717e-05
4.77619e-05
4.77522e-05
4.77425e-05
4.77328e-05
4.7723e-05
4.77133e-05
4.77036e-05
4.76939e-05
4.76842e-05
4.76745e-05
4.76648e-05
4.76552e-05
4.76455e-05
4.76358e-05
4.76261e-05
4.76164e-05
4.76068e-05
4.75971e-05
4.75875e-05
4.75778e-05
4.75682e-05
4.75585e-05
4.75489e-05
4.75393e-05
4.75296e-05
4.752e-05
4.75104e-05
4.75008e-05
4.74911e-05
4.74815e-05
4.74719e-05
4.74623e-05
4.74527e-05
4.74431e-05
4.74336e-05
4.7424e-05
4.74144e-05
4.74048e-05
4.73952e-05
4.73857e-05
4.73761e-05
4.73666e-05
4.7357e-05
4.73475e-05
4.73379e-05
4.73284e-05
4.73188e-05
4.73093e-05
4.72998e-05
4.72903e-05
4.72807e-05
4.72712e-05
4.72617e-05
4.72522e-05
4.72427e-05
4.72332e-05
4.72237e-05
4.72142e-05
4.72047e-05
4.71952e-05
4.71858e-05
4.71763e-05
4.71668e-05
4.71574e-05
4.71479e-05
4.71384e-05
4.7129e-05
4.71195e-05
4.71101e-05
4.71007e-05
4.70912e-05
4.70818e-05
4.70724e-05
4.70629e-05
4.70535e-05
4.70441e-05
4.70347e-05
4.70253e-05
4.70159e-05
4.70065e-05
4.69971e-05
4.69877e-05
4.69783e-05
4.69689e-05
4.69596e-05
4.69502e-05
4.69408e-05
4.69315e-05
4.69221e-05
4.69127e-05
4.69034e-05
4.6894e-05
4.68847e-05
4.68753e-05
4.6866e-05
4.68567e-05
4.68474e-05
4.6838e-05
4.68287e-05
4.68194e-05
4.68101e-05
4.68008e-05
4.67915e-05
4.67822e-05
4.67729e-05
4.67636e-05
4.67543e-05
4.6745e-05
4.67357e-05
4.67265e-05
4.67172e-05
4.67079e-05
4.66987e-05
4.66894e-05
4.66801e-05
4.66709e-05
4.66616e-05
4.66524e-05
4.66432e-05
4.66339e-05
4.66247e-05
4.66155e-05
4.66062e-05
4.6597e-05
4.65878e-05
4.65786e-05
4.65694e-05
4.65602e-05
4.6551e-05
4.65418e-05
4.65326e-05
4.65234e-05
4.65142e-05
4.65051e-05
4.64959e-05
4.64867e-05
4.64775e-05
4.64684e-05
4.64592e-05
4.64501e-05
4.64409e-05
4.64318e-05
4.64226e-05
4.64135e-05
4.64044e-05
4.63952e-05
4.63861e-05
4.6377e-05
4.63679e-05
4.63587e-05
4.63496e-05
4.63405e-05
4.63314e-05
4.63223e-05
4.63132e-05
4.63041e-05
4.6295e-05
4.6286e-05
4.62769e-05
4.62678e-05
4.62587e-05
4.62497e-05
4.62406e-05
4.62315e-05
4.62225e-05
4.62134e-05
4.62044e-05
4.61953e-05
4.61863e-05
4.61773e-05
4.61682e-05
4.61592e-05
4.61502e-05
4.61412e-05
4.61321e-05
4.61231e-05
4.61141e-05
4.61051e-05
4.60961e-05
4.60871e-05
4.60781e-05
4.60691e-05
4.60601e-05
4.60512e-05
4.60422e-05
4.60332e-05
4.60242e-05
4.60153e-05
4.60063e-05
4.59973e-05
4.59884e-05
4.59794e-05
4.59705e-05
4.59615e-05
4.59526e-05
4.59437e-05
4.59347e-05
4.59258e-05
4.59169e-05
4.5908e-05
4.5899e-05
4.58901e-05
4.58812e-05
4.58723e-05
4.58634e-05
4.58545e-05
4.58456e-05
4.58367e-05
4.58278e-05
4.5819e-05
4.58101e-05
4.58012e-05
4.57923e-05
4.57835e-05
4.57746e-05
4.57657e-05
4.57569e-05
4.5748e-05
4.57392e-05
4.57303e-05
4.57215e-05
4.57127e-05
4.57038e-05
4.5695e-05
4.56862e-05
4.56773e-05
4.56685e-05
4.56597e-05
4.56509e-05
4.56421e-05
4.56333e-05
4.56245e-05
4.56157e-05
4.56069e-05
4.55981e-05
4.55893e-05
4.55805e-05
4.55718e-05
4.5563e-05
4.55542e-05
4.55455e-05
4.55367e-05
4.55279e-05
4.55192e-05
4.55104e-05
4.55017e-05
4.54929e-05
4.54842e-05
4.54755e-05
4.54667e-05
4.5458e-05
4.54493e-05
4.54405e-05
4.54318e-05
4.54231e-05
4.54144e-05
4.54057e-05
4.5397e-05
4.53883e-05
4.53796e-05
4.53709e-05
4.53622e-05
4.53535e-05
4.53448e-05
4.53362e-05
4.53275e-05
4.53188e-05
4.53102e-05
4.53015e-05
4.52928e-05
4.52842e-05
4.52755e-05
4.52669e-05
4.52582e-05
4.52496e-05
4.5241e-05
4.52323e-05
4.52237e-05
4.52151e-05
4.52064e-05
4.51978e-05
4.51892e-05
4.51806e-05
4.5172e-05
4.51634e-05
4.51548e-05
4.51462e-05
4.51376e-05
4.5129e-05
4.51204e-05
4.51118e-05
4.51032e-05
4.50947e-05
4.50861e-05
4.50775e-05
4.5069e-05
4.50604e-05
4.50518e-05
4.50433e-05
4.50347e-05
4.50262e-05
4.50176e-05
4.50091e-05
4.50006e-05
4.4992e-05
4.49835e-05
4.4975e-05
4.49664e-05
4.49579e-05
4.49494e-05
4.49409e-05
4.49324e-05
4.49239e-05
4.49154e-05
4.49069e-05
4.48984e-05
4.48899e-05
4.48814e-05
4.48729e-05
4.48645e-05
4.4856e-05
4.48475e-05
4.4839e-05
4.48306e-05
4.48221e-05
4.48136e-05
4.48052e-05
4.47967e-05
4.47883e-05
4.47798e-05
4.47714e-05
4.4763e-05
4.47545e-05
4.47461e-05
4.47377e-05
4.47292e-05
4.47208e-05
4.47124e-05
4.4704e-05
4.46956e-05
4.46872e-05
4.46788e-05
4.46704e-05
4.4662e-05
4.46536e-05
4.46452e-05
4.46368e-05
4.46284e-05
4.46201e-05
4.46117e-05
4.46033e-05
4.45949e-05
4.45866e-05
4.45782e-05
4.45699e-05
4.45615e-05
4.45531e-05
4.45448e-05
4.45365e-05
4.45281e-05
4.45198e-05
4.45114e-05
4.45031e-05
4.44948e-05
4.44865e-05
4.44781e-05
4.44698e-05
4.44615e-05
4.44532e-05
4.44449e-05
4.44366e-05
4.44283e-05
4.442e-05
4.44117e-05
4.44034e-05
4.43951e-05
4.43868e-05
4.43786e-05
4.43703e-05
4.4362e-05
4.43538e-05
4.43455e-05
4.43372e-05
4.4329e-05
4.43207e-05
4.43125e-05
4.43042e-05
4.4296e-05
4.42877e-05
4.42795e-05
4.42712e-05
4.4263e-05
4.42548e-05
4.42466e-05
4.42383e-05
4.42301e-05
4.42219e-05
4.42137e-05
4.42055e-05
4.41973e-05
4.41891e-05
4.41809e-05
4.41727e-05
4.41645e-05
4.41563e-05
4.41481e-05
4.41399e-05
4.41318e-05
4.41236e-05
4.41154e-05
4.41073e-05
4.40991e-05
4.40909e-05
4.40828e-05
4.40746e-05
4.40665e-05
4.40583e-05
4.40502e-05
4.4042e-05
4.40339e-05
4.40258e-05
4.40176e-05
4.40095e-05
4.40014e-05
4.39933e-05
4.39851e-05
4.3977e-05
4.39689e-05
4.39608e-05
4.39527e-05
4.39446e-05
4.39365e-05
4.39284e-05
4.39203e-05
4.39122e-05
4.39041e-05
4.38961e-05
4.3888e-05
4.38799e-05
4.38718e-05
4.38638e-05
4.38557e-05
4.38476e-05
4.38396e-05
4.38315e-05
4.38235e-05
4.38154e-05
4.38074e-05
4.37993e-05
4.37913e-05
4.37832e-05
4.37752e-05
4.37672e-05
4.37592e-05
4.37511e-05
4.37431e-05
4.37351e-05
4.37271e-05
4.37191e-05
4.37111e-05
4.37031e-05
4.36951e-05
4.36871e-05
4.36791e-05
4.36711e-05
4.36631e-05
4.36551e-05
4.36471e-05
4.36391e-05
4.36312e-05
4.36232e-05
4.36152e-05
4.36073e-05
4.35993e-05
4.35913e-05
4.35834e-05
4.35754e-05
4.35675e-05
4.35595e-05
4.35516e-05
4.35437e-05
4.35357e-05
4.35278e-05
4.35199e-05
4.35119e-05
4.3504e-05
4.34961e-05
4.34882e-05
4.34803e-05
4.34723e-05
4.34644e-05
4.34565e-05
4.34486e-05
4.34407e-05
4.34328e-05
4.34249e-05
4.34171e-05
4.34092e-05
4.34013e-05
4.33934e-05
4.33855e-05
4.33777e-05
4.33698e-05
4.33619e-05
4.33541e-05
4.33462e-05
4.33383e-05
4.33305e-05
4.33226e-05
4.33148e-05
4.33069e-05
4.32991e-05
4.32913e-05
4.32834e-05
4.32756e-05
4.32678e-05
4.32599e-05
4.32521e-05
4.32443e-05
4.32365e-05
4.32287e-05
4.32209e-05
4.3213e-05
4.32052e-05
4.31974e-05
4.31896e-05
4.31818e-05
4.31741e-05
4.31663e-05
4.31585e-05
4.31507e-05
4.31429e-05
4.31351e-05
4.31274e-05
4.31196e-05
4.31118e-05
4.31041e-05
4.30963e-05
4.30886e-05
4.30808e-05
4.3073e-05
4.30653e-05
4.30575e-05
4.30498e-05
4.30421e-05
4.30343e-05
4.30266e-05
4.30189e-05
4.30111e-05
4.30034e-05
4.29957e-05
4.2988e-05
4.29803e-05
4.29725e-05
4.29648e-05
4.29571e-05
4.29494e-05
4.29417e-05
4.2934e-05
4.29263e-05
4.29187e-05
4.2911e-05
4.29033e-05
4.28956e-05
4.28879e-05
4.28802e-05
4.28726e-05
4.28649e-05
4.28572e-05
4.28496e-05
4.28419e-05
4.28343e-05
4.28266e-05
4.28189e-05
4.28113e-05
4.28037e-05
4.2796e-05
4.27884e-05
4.27807e-05
4.27731e-05
4.27655e-05
4.27578e-05
4.27502e-05
4.27426e-05
4.2735e-05
4.27274e-05
4.27198e-05
4.27121e-05
4.27045e-05
4.26969e-05
4.26893e-05
4.26817e-05
4.26741e-05
4.26666e-05
4.2659e-05
4.26514e-05
4.26438e-05
4.26362e-05
4.26286e-05
4.26211e-05
4.26135e-05
4.26059e-05
4.25984e-05
4.25908e-05
4.25832e-05
4.25757e-05
4.25681e-05
4.25606e-05
4.2553e-05
4.25455e-05
4.25379e-05
4.25304e-05
4.25229e-05
4.25153e-05
4.25078e-05
4.25003e-05
4.24928e-05
4.24852e-05
4.24777e-05
4.24702e-05
4.24627e-05
4.24552e-05
4.24477e-05
4.24402e-05
4.24327e-05
4.24252e-05
4.24177e-05
4.24102e-05
4.24027e-05
4.23952e-05
4.23877e-05
4.23803e-05
4.23728e-05
4.23653e-05
4.23578e-05
4.23504e-05
4.23429e-05
4.23354e-05
4.2328e-05
4.23205e-05
4.23131e-05
4.23056e-05
4.22982e-05
4.22907e-05
4.22833e-05
4.22759e-05
4.22684e-05
4.2261e-05
4.22536e-05
4.22461e-05
4.22387e-05
4.22313e-05
4.22239e-05
4.22164e-05
4.2209e-05
4.22016e-05
4.21942e-05
4.21868e-05
4.21794e-05
4.2172e-05
4.21646e-05
4.21572e-05
4.21498e-05
4.21424e-05
4.21351e-05
4.21277e-05
4.21203e-05
4.21129e-05
4.21055e-05
4.20982e-05
4.20908e-05
4.20834e-05
4.20761e-05
4.20687e-05
4.20614e-05
4.2054e-05
4.20467e-05
4.20393e-05
4.2032e-05
4.20246e-05
4.20173e-05
4.201e-05
4.20026e-05
4.19953e-05
4.1988e-05
4.19806e-05
4.19733e-05
4.1966e-05
4.19587e-05
4.19514e-05
4.19441e-05
4.19367e-05
4.19294e-05
4.19221e-05
4.19148e-05
4.19075e-05
4.19002e-05
4.1893e-05
4.18857e-05
4.18784e-05
4.18711e-05
4.18638e-05
4.18565e-05
4.18493e-05
4.1842e-05
4.18347e-05
4.18275e-05
4.18202e-05
4.18129e-05
4.18057e-05
4.17984e-05
4.17912e-05
4.17839e-05
4.17767e-05
4.17694e-05
4.17622e-05
4.17549e-05
4.17477e-05
4.17405e-05
4.17332e-05
4.1726e-05
4.17188e-05
4.17116e-05
4.17044e-05
4.16971e-05
4.16899e-05
4.16827e-05
4.16755e-05
4.16683e-05
4.16611e-05
4.16539e-05
4.16467e-05
4.16395e-05
4.16323e-05
4.16251e-05
4.16179e-05
4.16108e-05
4.16036e-05
4.15964e-05
4.15892e-05
4.1582e-05
4.15749e-05
4.15677e-05
4.15605e-05
4.15534e-05
4.15462e-05
4.15391e-05
4.15319e-05
4.15248e-05
4.15176e-05
4.15105e-05
4.15033e-05
4.14962e-05
4.1489e-05
4.14819e-05
4.14748e-05
4.14677e-05
4.14605e-05
4.14534e-05
4.14463e-05
4.14392e-05
4.1432e-05
4.14249e-05
4.14178e-05
4.14107e-05
4.14036e-05
4.13965e-05
4.13894e-05
4.13823e-05
4.13752e-05
4.13681e-05
4.1361e-05
4.13539e-05
4.13469e-05
4.13398e-05
4.13327e-05
4.13256e-05
4.13186e-05
4.13115e-05
4.13044e-05
4.12974e-05
4.12903e-05
4.12832e-05
4.12762e-05
4.12691e-05
4.12621e-05
4.1255e-05
4.1248e-05
4.12409e-05
4.12339e-05
4.12269e-05
4.12198e-05
4.12128e-05
4.12058e-05
4.11987e-05
4.11917e-05
4.11847e-05
4.11777e-05
4.11706e-05
4.11636e-05
4.11566e-05
4.11496e-05
4.11426e-05
4.11356e-05
4.11286e-05
4.11216e-05
4.11146e-05
4.11076e-05
4.11006e-05
4.10936e-05
4.10866e-05
4.10797e-05
4.10727e-05
4.10657e-05
4.10587e-05
4.10517e-05
4.10448e-05
4.10378e-05
4.10308e-05
4.10239e-05
4.10169e-05
4.101e-05
4.1003e-05
4.09961e-05
4.09891e-05
4.09822e-05
4.09752e-05
4.09683e-05
4.09613e-05
4.09544e-05
4.09475e-05
4.09405e-05
4.09336e-05
4.09267e-05
4.09198e-05
4.09128e-05
4.09059e-05
4.0899e-05
4.08921e-05
4.08852e-05
4.08783e-05
4.08714e-05
4.08645e-05
4.08576e-05
4.08507e-05
4.08438e-05
4.08369e-05
4.083e-05
4.08231e-05
4.08162e-05
4.08093e-05
4.08025e-05
4.07956e-05
4.07887e-05
4.07818e-05
4.0775e-05
4.07681e-05
4.07612e-05
4.07544e-05
4.07475e-05
4.07407e-05
4.07338e-05
4.0727e-05
4.07201e-05
4.07133e-05
4.07064e-05
4.06996e-05
4.06927e-05
4.06859e-05
4.06791e-05
4.06722e-05
4.06654e-05
4.06586e-05
4.06518e-05
4.06449e-05
4.06381e-05
4.06313e-05
4.06245e-05
4.06177e-05
4.06109e-05
4.06041e-05
4.05973e-05
4.05905e-05
4.05837e-05
4.05769e-05
4.05701e-05
4.05633e-05
4.05565e-05
4.05497e-05
4.05429e-05
4.05361e-05
4.05294e-05
4.05226e-05
4.05158e-05
4.0509e-05
4.05023e-05
4.04955e-05
4.04887e-05
4.0482e-05
4.04752e-05
4.04685e-05
4.04617e-05
4.0455e-05
4.04482e-05
4.04415e-05
4.04347e-05
4.0428e-05
4.04212e-05
4.04145e-05
4.04078e-05
4.0401e-05
4.03943e-05
4.03876e-05
4.03809e-05
4.03741e-05
4.03674e-05
4.03607e-05
4.0354e-05
4.03473e-05
4.03406e-05
4.03339e-05
4.03272e-05
4.03204e-05
4.03138e-05
4.03071e-05
4.03004e-05
4.02937e-05
4.0287e-05
4.02803e-05
4.02736e-05
4.02669e-05
4.02602e-05
4.02536e-05
4.02469e-05
4.02402e-05
4.02335e-05
4.02269e-05
4.02202e-05
4.02136e-05
4.02069e-05
4.02002e-05
4.01936e-05
4.01869e-05
4.01803e-05
4.01736e-05
4.0167e-05
4.01603e-05
4.01537e-05
4.01471e-05
4.01404e-05
4.01338e-05
4.01272e-05
4.01205e-05
4.01139e-05
4.01073e-05
4.01007e-05
4.0094e-05
4.00874e-05
4.00808e-05
4.00742e-05
4.00676e-05
4.0061e-05
4.00544e-05
4.00478e-05
4.00412e-05
4.00346e-05
4.0028e-05
4.00214e-05
4.00148e-05
4.00082e-05
4.00016e-05
3.9995e-05
3.99885e-05
3.99819e-05
3.99753e-05
3.99687e-05
3.99622e-05
3.99556e-05
3.9949e-05
3.99425e-05
3.99359e-05
3.99293e-05
3.99228e-05
3.99162e-05
3.99097e-05
3.99031e-05
3.98966e-05
3.989e-05
3.98835e-05
3.98769e-05
3.98704e-05
3.98639e-05
3.98573e-05
3.98508e-05
3.98443e-05
3.98378e-05
3.98312e-05
3.98247e-05
3.98182e-05
3.98117e-05
3.98052e-05
3.97986e-05
3.97921e-05
3.97856e-05
3.97791e-05
3.97726e-05
3.97661e-05
3.97596e-05
3.97531e-05
3.97466e-05
3.97401e-05
3.97337e-05
3.97272e-05
3.97207e-05
3.97142e-05
3.97077e-05
3.97012e-05
3.96948e-05
3.96883e-05
3.96818e-05
3.96754e-05
3.96689e-05
3.96624e-05
3.9656e-05
3.96495e-05
3.96431e-05
3.96366e-05
3.96302e-05
3.96237e-05
3.96173e-05
3.96108e-05
3.96044e-05
3.95979e-05
3.95915e-05
3.95851e-05
3.95786e-05
3.95722e-05
3.95658e-05
3.95593e-05
3.95529e-05
3.95465e-05
3.95401e-05
3.95337e-05
3.95272e-05
3.95208e-05
3.95144e-05
3.9508e-05
3.95016e-05
3.94952e-05
3.94888e-05
3.94824e-05
3.9476e-05
3.94696e-05
3.94632e-05
3.94568e-05
3.94504e-05
3.94441e-05
3.94377e-05
3.94313e-05
3.94249e-05
3.94185e-05
3.94122e-05
3.94058e-05
3.93994e-05
3.93931e-05
3.93867e-05
3.93803e-05
3.9374e-05
3.93676e-05
3.93613e-05
3.93549e-05
3.93486e-05
3.93422e-05
3.93359e-05
3.93295e-05
3.93232e-05
3.93168e-05
3.93105e-05
3.93042e-05
3.92978e-05
3.92915e-05
3.92852e-05
3.92788e-05
3.92725e-05
3.92662e-05
3.92599e-05
3.92536e-05
3.92472e-05
3.92409e-05
3.92346e-05
3.92283e-05
3.9222e-05
3.92157e-05
3.92094e-05
3.92031e-05
3.91968e-05
3.91905e-05
3.91842e-05
3.91779e-05
3.91716e-05
3.91654e-05
3.91591e-05
3.91528e-05
3.91465e-05
3.91402e-05
3.9134e-05
3.91277e-05
3.91214e-05
3.91151e-05
3.91089e-05
3.91026e-05
3.90964e-05
3.90901e-05
3.90838e-05
3.90776e-05
3.90713e-05
3.90651e-05
3.90588e-05
3.90526e-05
3.90463e-05
3.90401e-05
3.90339e-05
3.90276e-05
3.90214e-05
3.90152e-05
3.90089e-05
3.90027e-05
3.89965e-05
3.89902e-05
3.8984e-05
3.89778e-05
3.89716e-05
3.89654e-05
3.89592e-05
3.89529e-05
3.89467e-05
3.89405e-05
3.89343e-05
3.89281e-05
3.89219e-05
3.89157e-05
3.89095e-05
3.89033e-05
3.88971e-05
3.8891e-05
3.88848e-05
3.88786e-05
3.88724e-05
3.88662e-05
3.886e-05
3.88539e-05
3.88477e-05
3.88415e-05
3.88354e-05
3.88292e-05
3.8823e-05
3.88169e-05
3.88107e-05
3.88045e-05
3.87984e-05
3.87922e-05
3.87861e-05
3.87799e-05
3.87738e-05
3.87676e-05
3.87615e-05
3.87553e-05
3.87492e-05
3.87431e-05
3.87369e-05
3.87308e-05
3.87247e-05
3.87185e-05
3.87124e-05
3.87063e-05
3.87002e-05
3.8694e-05
3.86879e-05
3.86818e-05
3.86757e-05
3.86696e-05
3.86635e-05
3.86574e-05
3.86513e-05
3.86452e-05
3.86391e-05
3.8633e-05
3.86269e-05
3.86208e-05
3.86147e-05
3.86086e-05
3.86025e-05
3.85964e-05
3.85903e-05
3.85842e-05
3.85782e-05
3.85721e-05
3.8566e-05
3.85599e-05
3.85539e-05
3.85478e-05
3.85417e-05
3.85357e-05
3.85296e-05
3.85235e-05
3.85175e-05
3.85114e-05
3.85054e-05
3.84993e-05
3.84933e-05
3.84872e-05
3.84812e-05
3.84751e-05
3.84691e-05
3.8463e-05
3.8457e-05
3.8451e-05
3.84449e-05
3.84389e-05
3.84329e-05
3.84268e-05
3.84208e-05
3.84148e-05
3.84088e-05
3.84027e-05
3.83967e-05
3.83907e-05
3.83847e-05
3.83787e-05
3.83727e-05
3.83667e-05
3.83607e-05
3.83547e-05
3.83487e-05
3.83427e-05
3.83367e-05
3.83307e-05
3.83247e-05
3.83187e-05
3.83127e-05
3.83067e-05
3.83007e-05
3.82948e-05
3.82888e-05
3.82828e-05
3.82768e-05
3.82708e-05
3.82649e-05
3.82589e-05
3.82529e-05
3.8247e-05
3.8241e-05
3.8235e-05
3.82291e-05
3.82231e-05
3.82172e-05
3.82112e-05
3.82053e-05
3.81993e-05
3.81934e-05
3.81874e-05
3.81815e-05
3.81755e-05
3.81696e-05
3.81637e-05
3.81577e-05
3.81518e-05
3.81459e-05
3.81399e-05
3.8134e-05
3.81281e-05
3.81222e-05
3.81162e-05
3.81103e-05
3.81044e-05
3.80985e-05
3.80926e-05
3.80867e-05
3.80808e-05
3.80749e-05
3.80689e-05
3.8063e-05
3.80571e-05
3.80512e-05
3.80453e-05
3.80395e-05
3.80336e-05
3.80277e-05
3.80218e-05
3.80159e-05
3.801e-05
3.80041e-05
3.79982e-05
3.79924e-05
3.79865e-05
3.79806e-05
3.79747e-05
3.79689e-05
3.7963e-05
3.79571e-05
3.79513e-05
3.79454e-05
3.79396e-05
3.79337e-05
3.79278e-05
3.7922e-05
3.79161e-05
3.79103e-05
3.79044e-05
3.78986e-05
3.78927e-05
3.78869e-05
3.78811e-05
3.78752e-05
3.78694e-05
3.78635e-05
3.78577e-05
3.78519e-05
3.78461e-05
3.78402e-05
3.78344e-05
3.78286e-05
3.78228e-05
3.78169e-05
3.78111e-05
3.78053e-05
3.77995e-05
3.77937e-05
3.77879e-05
3.77821e-05
3.77763e-05
3.77705e-05
3.77647e-05
3.77589e-05
3.77531e-05
3.77473e-05
3.77415e-05
3.77357e-05
3.77299e-05
3.77241e-05
3.77183e-05
3.77125e-05
3.77068e-05
3.7701e-05
3.76952e-05
3.76894e-05
3.76837e-05
3.76779e-05
3.76721e-05
3.76663e-05
3.76606e-05
3.76548e-05
3.76491e-05
3.76433e-05
3.76375e-05
3.76318e-05
3.7626e-05
3.76203e-05
3.76145e-05
3.76088e-05
3.7603e-05
3.75973e-05
3.75915e-05
3.75858e-05
3.75801e-05
3.75743e-05
3.75686e-05
3.75629e-05
3.75571e-05
3.75514e-05
3.75457e-05
3.75399e-05
3.75342e-05
3.75285e-05
3.75228e-05
3.75171e-05
3.75113e-05
3.75056e-05
3.74999e-05
3.74942e-05
3.74885e-05
3.74828e-05
3.74771e-05
3.74714e-05
3.74657e-05
3.746e-05
3.74543e-05
3.74486e-05
3.74429e-05
3.74372e-05
3.74315e-05
3.74258e-05
3.74201e-05
3.74145e-05
3.74088e-05
3.74031e-05
3.73974e-05
3.73918e-05
3.73861e-05
3.73804e-05
3.73747e-05
3.73691e-05
3.73634e-05
3.73577e-05
3.73521e-05
3.73464e-05
3.73408e-05
3.73351e-05
3.73294e-05
3.73238e-05
3.73181e-05
3.73125e-05
3.73068e-05
3.73012e-05
3.72956e-05
3.72899e-05
3.72843e-05
3.72786e-05
3.7273e-05
3.72674e-05
3.72617e-05
3.72561e-05
3.72505e-05
3.72448e-05
3.72392e-05
3.72336e-05
3.7228e-05
3.72224e-05
3.72167e-05
3.72111e-05
3.72055e-05
3.71999e-05
3.71943e-05
3.71887e-05
3.71831e-05
3.71775e-05
3.71719e-05
3.71663e-05
3.71607e-05
3.71551e-05
3.71495e-05
3.71439e-05
3.71383e-05
3.71327e-05
3.71271e-05
3.71215e-05
3.7116e-05
3.71104e-05
3.71048e-05
3.70992e-05
3.70936e-05
3.70881e-05
3.70825e-05
3.70769e-05
3.70713e-05
3.70658e-05
3.70602e-05
3.70547e-05
3.70491e-05
3.70435e-05
3.7038e-05
3.70324e-05
3.70269e-05
3.70213e-05
3.70158e-05
3.70102e-05
3.70047e-05
3.69991e-05
3.69936e-05
3.6988e-05
3.69825e-05
3.6977e-05
3.69714e-05
3.69659e-05
3.69604e-05
3.69548e-05
3.69493e-05
3.69438e-05
3.69382e-05
3.69327e-05
3.69272e-05
3.69217e-05
3.69162e-05
3.69106e-05
3.69051e-05
3.68996e-05
3.68941e-05
3.68886e-05
3.68831e-05
3.68776e-05
3.68721e-05
3.68666e-05
3.68611e-05
3.68556e-05
3.68501e-05
3.68446e-05
3.68391e-05
3.68336e-05
3.68281e-05
3.68226e-05
3.68172e-05
3.68117e-05
3.68062e-05
3.68007e-05
3.67952e-05
3.67898e-05
3.67843e-05
3.67788e-05
3.67733e-05
3.67679e-05
3.67624e-05
3.67569e-05
3.67515e-05
3.6746e-05
3.67405e-05
3.67351e-05
3.67296e-05
3.67242e-05
3.67187e-05
3.67133e-05
3.67078e-05
3.67024e-05
3.66969e-05
3.66915e-05
3.6686e-05
3.66806e-05
3.66752e-05
3.66697e-05
3.66643e-05
3.66589e-05
3.66534e-05
3.6648e-05
3.66426e-05
3.66371e-05
3.66317e-05
3.66263e-05
3.66209e-05
3.66155e-05
3.661e-05
3.66046e-05
3.65992e-05
3.65938e-05
3.65884e-05
3.6583e-05
3.65776e-05
3.65722e-05
3.65668e-05
3.65614e-05
3.6556e-05
3.65506e-05
3.65452e-05
3.65398e-05
3.65344e-05
3.6529e-05
3.65236e-05
3.65182e-05
3.65128e-05
3.65074e-05
3.65021e-05
3.64967e-05
3.64913e-05
3.64859e-05
3.64806e-05
3.64752e-05
3.64698e-05
3.64644e-05
3.64591e-05
3.64537e-05
3.64483e-05
3.6443e-05
3.64376e-05
3.64323e-05
3.64269e-05
3.64215e-05
3.64162e-05
3.64108e-05
3.64055e-05
3.64001e-05
3.63948e-05
3.63894e-05
3.63841e-05
3.63788e-05
3.63734e-05
3.63681e-05
3.63627e-05
3.63574e-05
3.63521e-05
3.63467e-05
3.63414e-05
3.63361e-05
3.63307e-05
3.63254e-05
3.63201e-05
3.63148e-05
3.63095e-05
3.63041e-05
3.62988e-05
3.62935e-05
3.62882e-05
3.62829e-05
3.62776e-05
3.62723e-05
3.6267e-05
3.62617e-05
3.62564e-05
3.62511e-05
3.62458e-05
3.62405e-05
3.62352e-05
3.62299e-05
3.62246e-05
3.62193e-05
3.6214e-05
3.62087e-05
3.62034e-05
3.61981e-05
3.61929e-05
3.61876e-05
3.61823e-05
3.6177e-05
3.61717e-05
3.61665e-05
3.61612e-05
3.61559e-05
3.61507e-05
3.61454e-05
3.61401e-05
3.61349e-05
3.61296e-05
3.61243e-05
3.61191e-05
3.61138e-05
3.61086e-05
3.61033e-05
3.60981e-05
3.60928e-05
3.60876e-05
3.60823e-05
3.60771e-05
3.60718e-05
3.60666e-05
3.60613e-05
3.60561e-05
3.60509e-05
3.60456e-05
3.60404e-05
3.60352e-05
3.60299e-05
3.60247e-05
3.60195e-05
3.60143e-05
3.6009e-05
3.60038e-05
3.59986e-05
3.59934e-05
3.59882e-05
3.59829e-05
3.59777e-05
3.59725e-05
3.59673e-05
3.59621e-05
3.59569e-05
3.59517e-05
3.59465e-05
3.59413e-05
3.59361e-05
3.59309e-05
3.59257e-05
3.59205e-05
3.59153e-05
3.59101e-05
3.59049e-05
3.58997e-05
3.58945e-05
3.58894e-05
3.58842e-05
3.5879e-05
3.58738e-05
3.58686e-05
3.58635e-05
3.58583e-05
3.58531e-05
3.58479e-05
3.58428e-05
3.58376e-05
3.58324e-05
3.58273e-05
3.58221e-05
3.58169e-05
3.58118e-05
3.58066e-05
3.58015e-05
3.57963e-05
3.57912e-05
3.5786e-05
3.57809e-05
3.57757e-05
3.57706e-05
3.57654e-05
3.57603e-05
3.57551e-05
3.575e-05
3.57448e-05
3.57397e-05
3.57346e-05
3.57294e-05
3.57243e-05
3.57192e-05
3.5714e-05
3.57089e-05
3.57038e-05
3.56987e-05
3.56935e-05
3.56884e-05
3.56833e-05
3.56782e-05
3.56731e-05
3.5668e-05
3.56628e-05
3.56577e-05
3.56526e-05
3.56475e-05
3.56424e-05
3.56373e-05
3.56322e-05
3.56271e-05
3.5622e-05
3.56169e-05
3.56118e-05
3.56067e-05
3.56016e-05
3.55965e-05
3.55914e-05
3.55863e-05
3.55812e-05
3.55762e-05
3.55711e-05
3.5566e-05
3.55609e-05
3.55558e-05
3.55508e-05
3.55457e-05
3.55406e-05
3.55355e-05
3.55305e-05
3.55254e-05
3.55203e-05
3.55153e-05
3.55102e-05
3.55051e-05
3.55001e-05
3.5495e-05
3.54899e-05
3.54849e-05
3.54798e-05
3.54748e-05
3.54697e-05
3.54647e-05
3.54596e-05
3.54546e-05
3.54495e-05
3.54445e-05
3.54394e-05
3.54344e-05
3.54294e-05
3.54243e-05
3.54193e-05
3.54142e-05
3.54092e-05
3.54042e-05
3.53992e-05
3.53941e-05
3.53891e-05
3.53841e-05
3.5379e-05
3.5374e-05
3.5369e-05
3.5364e-05
3.5359e-05
3.5354e-05
3.53489e-05
3.53439e-05
3.53389e-05
3.53339e-05
3.53289e-05
3.53239e-05
3.53189e-05
3.53139e-05
3.53089e-05
3.53039e-05
3.52989e-05
3.52939e-05
3.52889e-05
3.52839e-05
3.52789e-05
3.52739e-05
3.52689e-05
3.52639e-05
3.52589e-05
3.5254e-05
3.5249e-05
3.5244e-05
3.5239e-05
3.5234e-05
3.52291e-05
3.52241e-05
3.52191e-05
3.52141e-05
3.52092e-05
3.52042e-05
3.51992e-05
3.51943e-05
3.51893e-05
3.51843e-05
3.51794e-05
3.51744e-05
3.51694e-05
3.51645e-05
3.51595e-05
3.51546e-05
3.51496e-05
3.51447e-05
3.51397e-05
3.51348e-05
3.51298e-05
3.51249e-05
3.51199e-05
3.5115e-05
3.51101e-05
3.51051e-05
3.51002e-05
3.50953e-05
3.50903e-05
3.50854e-05
3.50805e-05
3.50755e-05
3.50706e-05
3.50657e-05
3.50607e-05
3.50558e-05
3.50509e-05
3.5046e-05
3.50411e-05
3.50361e-05
3.50312e-05
3.50263e-05
3.50214e-05
3.50165e-05
3.50116e-05
3.50067e-05
3.50018e-05
3.49969e-05
3.4992e-05
3.49871e-05
3.49822e-05
3.49773e-05
3.49724e-05
3.49675e-05
3.49626e-05
3.49577e-05
3.49528e-05
3.49479e-05
3.4943e-05
3.49381e-05
3.49332e-05
3.49283e-05
3.49235e-05
3.49186e-05
3.49137e-05
3.49088e-05
3.49039e-05
3.48991e-05
3.48942e-05
3.48893e-05
3.48845e-05
3.48796e-05
3.48747e-05
3.48699e-05
3.4865e-05
3.48601e-05
3.48553e-05
3.48504e-05
3.48455e-05
3.48407e-05
3.48358e-05
3.4831e-05
3.48261e-05
3.48213e-05
3.48164e-05
3.48116e-05
3.48067e-05
3.48019e-05
3.4797e-05
3.47922e-05
3.47874e-05
3.47825e-05
3.47777e-05
3.47728e-05
3.4768e-05
3.47632e-05
3.47583e-05
3.47535e-05
3.47487e-05
3.47439e-05
3.4739e-05
3.47342e-05
3.47294e-05
3.47246e-05
3.47197e-05
3.47149e-05
3.47101e-05
3.47053e-05
3.47005e-05
3.46957e-05
3.46909e-05
3.4686e-05
3.46812e-05
3.46764e-05
3.46716e-05
3.46668e-05
3.4662e-05
3.46572e-05
3.46524e-05
3.46476e-05
3.46428e-05
3.4638e-05
3.46332e-05
3.46284e-05
3.46236e-05
3.46189e-05
3.46141e-05
3.46093e-05
3.46045e-05
3.45997e-05
3.45949e-05
3.45902e-05
3.45854e-05
3.45806e-05
3.45758e-05
3.4571e-05
3.45663e-05
3.45615e-05
3.45567e-05
3.4552e-05
3.45472e-05
3.45424e-05
3.45377e-05
3.45329e-05
3.45281e-05
3.45234e-05
3.45186e-05
3.45139e-05
3.45091e-05
3.45044e-05
3.44996e-05
3.44949e-05
3.44901e-05
3.44854e-05
3.44806e-05
3.44759e-05
3.44711e-05
3.44664e-05
3.44616e-05
3.44569e-05
3.44522e-05
3.44474e-05
3.44427e-05
3.44379e-05
3.44332e-05
3.44285e-05
3.44238e-05
3.4419e-05
3.44143e-05
3.44096e-05
3.44048e-05
3.44001e-05
3.43954e-05
3.43907e-05
3.4386e-05
3.43812e-05
3.43765e-05
3.43718e-05
3.43671e-05
3.43624e-05
3.43577e-05
3.4353e-05
3.43483e-05
3.43436e-05
3.43389e-05
3.43342e-05
3.43295e-05
3.43248e-05
3.43201e-05
3.43154e-05
3.43107e-05
3.4306e-05
3.43013e-05
3.42966e-05
3.42919e-05
3.42872e-05
3.42825e-05
3.42778e-05
3.42731e-05
3.42685e-05
3.42638e-05
3.42591e-05
3.42544e-05
3.42497e-05
3.42451e-05
3.42404e-05
3.42357e-05
3.4231e-05
3.42264e-05
3.42217e-05
3.4217e-05
3.42124e-05
3.42077e-05
3.4203e-05
3.41984e-05
3.41937e-05
3.41891e-05
3.41844e-05
3.41798e-05
3.41751e-05
3.41704e-05
3.41658e-05
3.41611e-05
3.41565e-05
3.41518e-05
3.41472e-05
3.41426e-05
3.41379e-05
3.41333e-05
3.41286e-05
3.4124e-05
3.41193e-05
3.41147e-05
3.41101e-05
3.41054e-05
3.41008e-05
3.40962e-05
3.40915e-05
3.40869e-05
3.40823e-05
3.40777e-05
3.4073e-05
3.40684e-05
3.40638e-05
3.40592e-05
3.40546e-05
3.40499e-05
3.40453e-05
3.40407e-05
3.40361e-05
3.40315e-05
3.40269e-05
3.40223e-05
3.40177e-05
3.40131e-05
3.40084e-05
3.40038e-05
3.39992e-05
3.39946e-05
3.399e-05
3.39854e-05
3.39808e-05
3.39762e-05
3.39717e-05
3.39671e-05
3.39625e-05
3.39579e-05
3.39533e-05
3.39487e-05
3.39441e-05
3.39395e-05
3.3935e-05
3.39304e-05
3.39258e-05
3.39212e-05
3.39166e-05
3.39121e-05
3.39075e-05
3.39029e-05
3.38983e-05
3.38938e-05
3.38892e-05
3.38846e-05
3.38801e-05
3.38755e-05
3.38709e-05
3.38664e-05
3.38618e-05
3.38572e-05
3.38527e-05
3.38481e-05
3.38436e-05
3.3839e-05
3.38345e-05
3.38299e-05
3.38254e-05
3.38208e-05
3.38163e-05
3.38117e-05
3.38072e-05
3.38026e-05
3.37981e-05
3.37935e-05
3.3789e-05
3.37845e-05
3.37799e-05
3.37754e-05
3.37709e-05
3.37663e-05
3.37618e-05
3.37573e-05
3.37527e-05
3.37482e-05
3.37437e-05
3.37392e-05
3.37346e-05
3.37301e-05
3.37256e-05
3.37211e-05
3.37166e-05
3.3712e-05
3.37075e-05
3.3703e-05
3.36985e-05
3.3694e-05
3.36895e-05
3.3685e-05
3.36805e-05
3.36759e-05
3.36714e-05
3.36669e-05
3.36624e-05
3.36579e-05
3.36534e-05
3.36489e-05
3.36444e-05
3.36399e-05
3.36354e-05
3.3631e-05
3.36265e-05
3.3622e-05
3.36175e-05
3.3613e-05
3.36085e-05
3.3604e-05
3.35995e-05
3.35951e-05
3.35906e-05
3.35861e-05
3.35816e-05
3.35771e-05
3.35727e-05
3.35682e-05
3.35637e-05
3.35592e-05
3.35548e-05
3.35503e-05
3.35458e-05
3.35414e-05
3.35369e-05
3.35324e-05
3.3528e-05
3.35235e-05
3.35191e-05
3.35146e-05
3.35101e-05
3.35057e-05
3.35012e-05
3.34968e-05
3.34923e-05
3.34879e-05
3.34834e-05
3.3479e-05
3.34745e-05
3.34701e-05
3.34656e-05
3.34612e-05
3.34567e-05
3.34523e-05
3.34479e-05
3.34434e-05
3.3439e-05
3.34346e-05
3.34301e-05
3.34257e-05
3.34213e-05
3.34168e-05
3.34124e-05
3.3408e-05
3.34035e-05
3.33991e-05
3.33947e-05
3.33903e-05
3.33858e-05
3.33814e-05
3.3377e-05
3.33726e-05
3.33682e-05
3.33638e-05
3.33593e-05
3.33549e-05
3.33505e-05
3.33461e-05
3.33417e-05
3.33373e-05
3.33329e-05
3.33285e-05
3.33241e-05
3.33197e-05
3.33153e-05
3.33109e-05
3.33065e-05
3.33021e-05
3.32977e-05
3.32933e-05
3.32889e-05
3.32845e-05
3.32801e-05
3.32757e-05
3.32713e-05
3.3267e-05
3.32626e-05
3.32582e-05
3.32538e-05
3.32494e-05
3.3245e-05
3.32407e-05
3.32363e-05
3.32319e-05
3.32275e-05
3.32232e-05
3.32188e-05
3.32144e-05
3.321e-05
3.32057e-05
3.32013e-05
3.31969e-05
3.31926e-05
3.31882e-05
3.31839e-05
3.31795e-05
3.31751e-05
3.31708e-05
3.31664e-05
3.31621e-05
3.31577e-05
3.31534e-05
3.3149e-05
3.31446e-05
3.31403e-05
3.31359e-05
3.31316e-05
3.31273e-05
3.31229e-05
3.31186e-05
3.31142e-05
3.31099e-05
3.31055e-05
3.31012e-05
3.30969e-05
3.30925e-05
3.30882e-05
3.30839e-05
3.30795e-05
3.30752e-05
3.30709e-05
3.30665e-05
3.30622e-05
3.30579e-05
3.30536e-05
3.30492e-05
3.30449e-05
3.30406e-05
3.30363e-05
3.3032e-05
3.30276e-05
3.30233e-05
3.3019e-05
3.30147e-05
3.30104e-05
3.30061e-05
3.30018e-05
3.29975e-05
3.29931e-05
3.29888e-05
3.29845e-05
3.29802e-05
3.29759e-05
3.29716e-05
3.29673e-05
3.2963e-05
3.29587e-05
3.29544e-05
3.29501e-05
3.29458e-05
3.29415e-05
3.29373e-05
3.2933e-05
3.29287e-05
3.29244e-05
3.29201e-05
3.29158e-05
3.29115e-05
3.29073e-05
3.2903e-05
3.28987e-05
3.28944e-05
3.28901e-05
3.28859e-05
3.28816e-05
3.28773e-05
3.2873e-05
3.28688e-05
3.28645e-05
3.28602e-05
3.2856e-05
3.28517e-05
3.28474e-05
3.28432e-05
3.28389e-05
3.28346e-05
3.28304e-05
3.28261e-05
3.28219e-05
3.28176e-05
3.28133e-05
3.28091e-05
3.28048e-05
3.28006e-05
3.27963e-05
3.27921e-05
3.27878e-05
3.27836e-05
3.27793e-05
3.27751e-05
3.27708e-05
3.27666e-05
3.27624e-05
3.27581e-05
3.27539e-05
3.27496e-05
3.27454e-05
3.27412e-05
3.27369e-05
3.27327e-05
3.27285e-05
3.27242e-05
3.272e-05
3.27158e-05
3.27116e-05
3.27073e-05
3.27031e-05
3.26989e-05
3.26947e-05
3.26904e-05
3.26862e-05
3.2682e-05
3.26778e-05
3.26736e-05
3.26694e-05
3.26651e-05
3.26609e-05
3.26567e-05
3.26525e-05
3.26483e-05
3.26441e-05
3.26399e-05
3.26357e-05
3.26315e-05
3.26273e-05
3.26231e-05
3.26189e-05
3.26147e-05
3.26105e-05
3.26063e-05
3.26021e-05
3.25979e-05
3.25937e-05
3.25895e-05
3.25853e-05
3.25811e-05
3.25769e-05
3.25727e-05
3.25686e-05
3.25644e-05
3.25602e-05
3.2556e-05
3.25518e-05
3.25476e-05
3.25435e-05
3.25393e-05
3.25351e-05
3.25309e-05
3.25268e-05
3.25226e-05
3.25184e-05
3.25142e-05
3.25101e-05
3.25059e-05
3.25017e-05
3.24976e-05
3.24934e-05
3.24892e-05
3.24851e-05
3.24809e-05
3.24768e-05
3.24726e-05
3.24684e-05
3.24643e-05
3.24601e-05
3.2456e-05
3.24518e-05
3.24477e-05
3.24435e-05
3.24394e-05
3.24352e-05
3.24311e-05
3.24269e-05
3.24228e-05
3.24186e-05
3.24145e-05
3.24104e-05
3.24062e-05
3.24021e-05
3.23979e-05
3.23938e-05
3.23897e-05
3.23855e-05
3.23814e-05
3.23773e-05
3.23731e-05
3.2369e-05
3.23649e-05
3.23607e-05
3.23566e-05
3.23525e-05
3.23484e-05
3.23442e-05
3.23401e-05
3.2336e-05
3.23319e-05
3.23278e-05
3.23236e-05
3.23195e-05
3.23154e-05
3.23113e-05
3.23072e-05
3.23031e-05
3.2299e-05
3.22949e-05
3.22908e-05
3.22866e-05
3.22825e-05
3.22784e-05
3.22743e-05
3.22702e-05
3.22661e-05
3.2262e-05
3.22579e-05
3.22538e-05
3.22497e-05
3.22456e-05
3.22415e-05
3.22375e-05
3.22334e-05
3.22293e-05
3.22252e-05
3.22211e-05
3.2217e-05
3.22129e-05
3.22088e-05
3.22047e-05
3.22007e-05
3.21966e-05
3.21925e-05
3.21884e-05
3.21843e-05
3.21803e-05
3.21762e-05
3.21721e-05
3.2168e-05
3.2164e-05
3.21599e-05
3.21558e-05
3.21518e-05
3.21477e-05
3.21436e-05
3.21396e-05
3.21355e-05
3.21314e-05
3.21274e-05
3.21233e-05
3.21192e-05
3.21152e-05
3.21111e-05
3.21071e-05
3.2103e-05
3.2099e-05
3.20949e-05
3.20909e-05
3.20868e-05
3.20828e-05
3.20787e-05
3.20747e-05
3.20706e-05
3.20666e-05
3.20625e-05
3.20585e-05
3.20544e-05
3.20504e-05
3.20464e-05
3.20423e-05
3.20383e-05
3.20342e-05
3.20302e-05
3.20262e-05
3.20221e-05
3.20181e-05
3.20141e-05
3.20101e-05
3.2006e-05
3.2002e-05
3.1998e-05
3.19939e-05
3.19899e-05
3.19859e-05
3.19819e-05
3.19779e-05
3.19738e-05
3.19698e-05
3.19658e-05
3.19618e-05
3.19578e-05
3.19538e-05
3.19497e-05
3.19457e-05
3.19417e-05
3.19377e-05
3.19337e-05
3.19297e-05
3.19257e-05
3.19217e-05
3.19177e-05
3.19137e-05
3.19097e-05
3.19057e-05
3.19017e-05
3.18977e-05
3.18937e-05
3.18897e-05
3.18857e-05
3.18817e-05
3.18777e-05
3.18737e-05
3.18697e-05
3.18657e-05
3.18617e-05
3.18577e-05
3.18538e-05
3.18498e-05
3.18458e-05
3.18418e-05
3.18378e-05
3.18338e-05
3.18299e-05
3.18259e-05
3.18219e-05
3.18179e-05
3.1814e-05
3.181e-05
3.1806e-05
3.1802e-05
3.17981e-05
3.17941e-05
3.17901e-05
3.17862e-05
3.17822e-05
3.17782e-05
3.17743e-05
3.17703e-05
3.17663e-05
3.17624e-05
3.17584e-05
3.17545e-05
3.17505e-05
3.17465e-05
3.17426e-05
3.17386e-05
3.17347e-05
3.17307e-05
3.17268e-05
3.17228e-05
3.17189e-05
3.17149e-05
3.1711e-05
3.1707e-05
3.17031e-05
3.16991e-05
3.16952e-05
3.16913e-05
3.16873e-05
3.16834e-05
3.16794e-05
3.16755e-05
3.16716e-05
3.16676e-05
3.16637e-05
3.16598e-05
3.16558e-05
3.16519e-05
3.1648e-05
3.1644e-05
3.16401e-05
3.16362e-05
3.16323e-05
3.16283e-05
3.16244e-05
3.16205e-05
3.16166e-05
3.16126e-05
3.16087e-05
3.16048e-05
3.16009e-05
3.1597e-05
3.15931e-05
3.15891e-05
3.15852e-05
3.15813e-05
3.15774e-05
3.15735e-05
3.15696e-05
3.15657e-05
3.15618e-05
3.15579e-05
3.1554e-05
3.15501e-05
3.15462e-05
3.15423e-05
3.15384e-05
3.15345e-05
3.15306e-05
3.15267e-05
3.15228e-05
3.15189e-05
3.1515e-05
3.15111e-05
3.15072e-05
3.15033e-05
3.14994e-05
3.14955e-05
3.14916e-05
3.14878e-05
3.14839e-05
3.148e-05
3.14761e-05
3.14722e-05
3.14683e-05
3.14645e-05
3.14606e-05
3.14567e-05
3.14528e-05
3.1449e-05
3.14451e-05
3.14412e-05
3.14373e-05
3.14335e-05
3.14296e-05
3.14257e-05
3.14219e-05
3.1418e-05
3.14141e-05
3.14103e-05
3.14064e-05
3.14025e-05
3.13987e-05
3.13948e-05
3.1391e-05
3.13871e-05
3.13832e-05
3.13794e-05
3.13755e-05
3.13717e-05
3.13678e-05
3.1364e-05
3.13601e-05
3.13563e-05
3.13524e-05
3.13486e-05
3.13447e-05
3.13409e-05
3.1337e-05
3.13332e-05
3.13293e-05
3.13255e-05
3.13216e-05
3.13178e-05
3.1314e-05
3.13101e-05
3.13063e-05
3.13025e-05
3.12986e-05
3.12948e-05
3.1291e-05
3.12871e-05
3.12833e-05
3.12795e-05
3.12756e-05
3.12718e-05
3.1268e-05
3.12642e-05
3.12603e-05
3.12565e-05
3.12527e-05
3.12489e-05
3.1245e-05
3.12412e-05
3.12374e-05
3.12336e-05
3.12298e-05
3.1226e-05
3.12221e-05
3.12183e-05
3.12145e-05
3.12107e-05
3.12069e-05
3.12031e-05
3.11993e-05
