0.0489115
0.0274995
0.0196351
0.015461
0.0128448
0.0110394
0.00971245
0.00869262
0.00788233
0.00722172
0.00667195
0.00620668
0.00580738
0.00546062
0.00515643
0.00488724
0.00464719
0.00443168
0.00423702
0.00406026
0.00389898
0.00375117
0.00361517
0.00348958
0.00337322
0.00326508
0.00316429
0.00307012
0.00298191
0.0028991
0.00282119
0.00274775
0.0026784
0.00261279
0.00255062
0.00249162
0.00243554
0.00238218
0.00233132
0.0022828
0.00223645
0.00219212
0.00214968
0.00210901
0.00207001
0.00203255
0.00199656
0.00196194
0.00192862
0.00189652
0.00186557
0.00183572
0.0018069
0.00177906
0.00175214
0.00172611
0.00170092
0.00167652
0.00165288
0.00162996
0.00160773
0.00158615
0.00156521
0.00154487
0.00152509
0.00150587
0.00148718
0.00146898
0.00145128
0.00143403
0.00141723
0.00140086
0.0013849
0.00136933
0.00135415
0.00133933
0.00132486
0.00131074
0.00129694
0.00128346
0.00127028
0.00125739
0.0012448
0.00123247
0.00122041
0.00120861
0.00119706
0.00118575
0.00117467
0.00116382
0.00115318
0.00114276
0.00113254
0.00112252
0.0011127
0.00110306
0.0010936
0.00108433
0.00107522
0.00106628
0.0010575
0.00104888
0.00104041
0.0010321
0.00102392
0.00101589
0.001008
0.00100024
0.000992608
0.000985106
0.000977727
0.00097047
0.000963329
0.000956304
0.00094939
0.000942586
0.000935888
0.000929294
0.000922802
0.000916409
0.000910113
0.000903911
0.000897801
0.000891782
0.000885851
0.000880007
0.000874246
0.000868568
0.000862971
0.000857452
0.000852011
0.000846645
0.000841354
0.000836134
0.000830985
0.000825906
0.000820895
0.00081595
0.00081107
0.000806254
0.000801501
0.000796809
0.000792177
0.000787604
0.000783089
0.00077863
0.000774227
0.000769879
0.000765584
0.000761341
0.00075715
0.00075301
0.000748919
0.000744876
0.000740882
0.000736934
0.000733032
0.000729176
0.000725364
0.000721596
0.00071787
0.000714187
0.000710545
0.000706944
0.000703383
0.000699861
0.000696377
0.000692932
0.000689524
0.000686153
0.000682817
0.000679518
0.000676253
0.000673023
0.000669826
0.000666663
0.000663532
0.000660434
0.000657367
0.000654332
0.000651327
0.000648353
0.000645408
0.000642493
0.000639606
0.000636748
0.000633918
0.000631115
0.00062834
0.000625591
0.000622869
0.000620173
0.000617502
0.000614856
0.000612236
0.00060964
0.000607068
0.000604519
0.000601995
0.000599493
0.000597014
0.000594558
0.000592123
0.000589711
0.00058732
0.000584951
0.000582602
0.000580274
0.000577967
0.000575679
0.000573412
0.000571164
0.000568935
0.000566726
0.000564535
0.000562363
0.000560209
0.000558073
0.000555955
0.000553855
0.000551772
0.000549707
0.000547658
0.000545626
0.000543611
0.000541612
0.000539629
0.000537662
0.000535711
0.000533775
0.000531855
0.000529949
0.000528059
0.000526184
0.000524323
0.000522476
0.000520644
0.000518826
0.000517022
0.000515232
0.000513455
0.000511692
0.000509942
0.000508205
0.000506481
0.00050477
0.000503072
0.000501386
0.000499713
0.000498051
0.000496402
0.000494765
0.00049314
0.000491527
0.000489925
0.000488334
0.000486755
0.000485187
0.000483631
0.000482085
0.00048055
0.000479025
0.000477512
0.000476009
0.000474516
0.000473033
0.000471561
0.000470099
0.000468647
0.000467204
0.000465771
0.000464348
0.000462935
0.000461531
0.000460136
0.000458751
0.000457374
0.000456007
0.000454649
0.0004533
0.000451959
0.000450627
0.000449304
0.000447989
0.000446683
0.000445385
0.000444095
0.000442814
0.000441541
0.000440275
0.000439018
0.000437769
0.000436527
0.000435293
0.000434067
0.000432848
0.000431637
0.000430434
0.000429237
0.000428048
0.000426867
0.000425692
0.000424524
0.000423364
0.00042221
0.000421064
0.000419924
0.000418791
0.000417665
0.000416545
0.000415432
0.000414326
0.000413226
0.000412132
0.000411045
0.000409964
0.000408889
0.000407821
0.000406758
0.000405702
0.000404652
0.000403608
0.000402569
0.000401537
0.00040051
0.000399489
0.000398474
0.000397464
0.000396461
0.000395462
0.000394469
0.000393482
0.0003925
0.000391524
0.000390552
0.000389586
0.000388626
0.00038767
0.00038672
0.000385775
0.000384835
0.0003839
0.00038297
0.000382045
0.000381124
0.000380209
0.000379299
0.000378393
0.000377492
0.000376596
0.000375704
0.000374817
0.000373935
0.000373057
0.000372184
0.000371315
0.000370451
0.000369591
0.000368736
0.000367884
0.000367038
0.000366195
0.000365357
0.000364523
0.000363693
0.000362867
0.000362045
0.000361228
0.000360415
0.000359605
0.0003588
0.000357998
0.000357201
0.000356407
0.000355617
0.000354831
0.000354049
0.000353271
0.000352496
0.000351726
0.000350958
0.000350195
0.000349435
0.000348679
0.000347927
0.000347178
0.000346432
0.00034569
0.000344952
0.000344217
0.000343485
0.000342757
0.000342032
0.000341311
0.000340593
0.000339878
0.000339167
0.000338459
0.000337754
0.000337052
0.000336354
0.000335659
0.000334967
0.000334278
0.000333592
0.000332909
0.000332229
0.000331553
0.000330879
0.000330209
0.000329541
0.000328876
0.000328215
0.000327556
0.0003269
0.000326247
0.000325597
0.00032495
0.000324305
0.000323664
0.000323025
0.000322389
0.000321756
0.000321125
0.000320497
0.000319872
0.000319249
0.00031863
0.000318013
0.000317398
0.000316786
0.000316177
0.00031557
0.000314966
0.000314364
0.000313765
0.000313168
0.000312574
0.000311983
0.000311394
0.000310807
0.000310223
0.000309641
0.000309061
0.000308484
0.000307909
0.000307337
0.000306767
0.000306199
0.000305634
0.000305071
0.00030451
0.000303951
0.000303395
0.000302841
0.000302289
0.00030174
0.000301192
0.000300647
0.000300104
0.000299563
0.000299024
0.000298487
0.000297953
0.00029742
0.00029689
0.000296362
0.000295836
0.000295312
0.00029479
0.000294269
0.000293751
0.000293235
0.000292721
0.000292209
0.000291699
0.000291191
0.000290685
0.000290181
0.000289678
0.000289178
0.000288679
0.000288183
0.000287688
0.000287195
0.000286704
0.000286215
0.000285728
0.000285242
0.000284758
0.000284277
0.000283796
0.000283318
0.000282842
0.000282367
0.000281894
0.000281422
0.000280953
0.000280485
0.000280019
0.000279555
0.000279092
0.000278631
0.000278171
0.000277714
0.000277258
0.000276803
0.000276351
0.000275899
0.00027545
0.000275002
0.000274556
0.000274111
0.000273668
0.000273226
0.000272786
0.000272348
0.000271911
0.000271476
0.000271042
0.00027061
0.000270179
0.00026975
0.000269322
0.000268896
0.000268471
0.000268048
0.000267626
0.000267206
0.000266787
0.000266369
0.000265953
0.000265539
0.000265125
0.000264714
0.000264303
0.000263894
0.000263487
0.000263081
0.000262676
0.000262272
0.00026187
0.00026147
0.00026107
0.000260672
0.000260275
0.00025988
0.000259486
0.000259093
0.000258702
0.000258312
0.000257923
0.000257535
0.000257149
0.000256764
0.000256381
0.000255998
0.000255617
0.000255237
0.000254858
0.000254481
0.000254104
0.000253729
0.000253356
0.000252983
0.000252612
0.000252242
0.000251873
0.000251505
0.000251138
0.000250773
0.000250408
0.000250045
0.000249683
0.000249323
0.000248963
0.000248604
0.000248247
0.000247891
0.000247536
0.000247182
0.000246829
0.000246477
0.000246126
0.000245777
0.000245428
0.000245081
0.000244734
0.000244389
0.000244045
0.000243702
0.00024336
0.000243019
0.000242679
0.00024234
0.000242002
0.000241665
0.00024133
0.000240995
0.000240661
0.000240328
0.000239997
0.000239666
0.000239336
0.000239008
0.00023868
0.000238353
0.000238028
0.000237703
0.000237379
0.000237056
0.000236734
0.000236413
0.000236094
0.000235775
0.000235457
0.000235139
0.000234823
0.000234508
0.000234194
0.000233881
0.000233568
0.000233257
0.000232946
0.000232636
0.000232328
0.00023202
0.000231713
0.000231407
0.000231101
0.000230797
0.000230494
0.000230191
0.000229889
0.000229589
0.000229289
0.00022899
0.000228691
0.000228394
0.000228098
0.000227802
0.000227507
0.000227213
0.00022692
0.000226628
0.000226336
0.000226045
0.000225756
0.000225467
0.000225178
0.000224891
0.000224604
0.000224319
0.000224034
0.000223749
0.000223466
0.000223183
0.000222902
0.000222621
0.00022234
0.000222061
0.000221782
0.000221504
0.000221227
0.000220951
0.000220675
0.0002204
0.000220126
0.000219853
0.00021958
0.000219308
0.000219037
0.000218766
0.000218497
0.000218228
0.00021796
0.000217692
0.000217425
0.000217159
0.000216894
0.000216629
0.000216365
0.000216102
0.00021584
0.000215578
0.000215317
0.000215056
0.000214797
0.000214538
0.000214279
0.000214022
0.000213765
0.000213508
0.000213253
0.000212998
0.000212744
0.00021249
0.000212237
0.000211985
0.000211733
0.000211482
0.000211232
0.000210982
0.000210733
0.000210485
0.000210237
0.00020999
0.000209744
0.000209498
0.000209253
0.000209008
0.000208764
0.000208521
0.000208278
0.000208036
0.000207795
0.000207554
0.000207314
0.000207074
0.000206835
0.000206597
0.000206359
0.000206122
0.000205886
0.00020565
0.000205414
0.000205179
0.000204945
0.000204712
0.000204479
0.000204246
0.000204014
0.000203783
0.000203553
0.000203322
0.000203093
0.000202864
0.000202636
0.000202408
0.00020218
0.000201954
0.000201728
0.000201502
0.000201277
0.000201053
0.000200829
0.000200605
0.000200382
0.00020016
0.000199938
0.000199717
0.000199497
0.000199276
0.000199057
0.000198838
0.000198619
0.000198401
0.000198184
0.000197967
0.00019775
0.000197534
0.000197319
0.000197104
0.00019689
0.000196676
0.000196463
0.00019625
0.000196038
0.000195826
0.000195614
0.000195404
0.000195193
0.000194984
0.000194774
0.000194565
0.000194357
0.000194149
0.000193942
0.000193735
0.000193529
0.000193323
0.000193117
0.000192912
0.000192708
0.000192504
0.000192301
0.000192098
0.000191895
0.000191693
0.000191491
0.00019129
0.00019109
0.000190889
0.00019069
0.00019049
0.000190291
0.000190093
0.000189895
0.000189698
0.000189501
0.000189304
0.000189108
0.000188912
0.000188717
0.000188522
0.000188328
0.000188134
0.000187941
0.000187748
0.000187555
0.000187363
0.000187171
0.00018698
0.000186789
0.000186599
0.000186409
0.000186219
0.00018603
0.000185841
0.000185653
0.000185465
0.000185278
0.00018509
0.000184904
0.000184718
0.000184532
0.000184346
0.000184161
0.000183977
0.000183793
0.000183609
0.000183426
0.000183243
0.00018306
0.000182878
0.000182696
0.000182515
0.000182334
0.000182153
0.000181973
0.000181793
0.000181614
0.000181435
0.000181256
0.000181078
0.0001809
0.000180723
0.000180546
0.000180369
0.000180193
0.000180017
0.000179841
0.000179666
0.000179491
0.000179317
0.000179143
0.000178969
0.000178796
0.000178623
0.00017845
0.000178278
0.000178106
0.000177935
0.000177764
0.000177593
0.000177423
0.000177253
0.000177083
0.000176914
0.000176745
0.000176576
0.000176408
0.00017624
0.000176072
0.000175905
0.000175738
0.000175572
0.000175406
0.00017524
0.000175075
0.000174909
0.000174745
0.00017458
0.000174416
0.000174252
0.000174089
0.000173926
0.000173763
0.000173601
0.000173439
0.000173277
0.000173116
0.000172955
0.000172794
0.000172633
0.000172473
0.000172314
0.000172154
0.000171995
0.000171836
0.000171678
0.00017152
0.000171362
0.000171204
0.000171047
0.00017089
0.000170734
0.000170578
0.000170422
0.000170266
0.000170111
0.000169956
0.000169801
0.000169647
0.000169493
0.000169339
0.000169186
0.000169032
0.00016888
0.000168727
0.000168575
0.000168423
0.000168271
0.00016812
0.000167969
0.000167818
0.000167668
0.000167518
0.000167368
0.000167218
0.000167069
0.00016692
0.000166772
0.000166623
0.000166475
0.000166327
0.00016618
0.000166033
0.000165886
0.000165739
0.000165593
0.000165447
0.000165301
0.000165156
0.00016501
0.000164865
0.000164721
0.000164576
0.000164432
0.000164289
0.000164145
0.000164002
0.000163859
0.000163716
0.000163574
0.000163432
0.00016329
0.000163148
0.000163007
0.000162866
0.000162725
0.000162584
0.000162444
0.000162304
0.000162164
0.000162025
0.000161886
0.000161747
0.000161608
0.000161469
0.000161331
0.000161193
0.000161056
0.000160918
0.000160781
0.000160644
0.000160508
0.000160371
0.000160235
0.000160099
0.000159964
0.000159829
0.000159693
0.000159559
0.000159424
0.00015929
0.000159156
0.000159022
0.000158888
0.000158755
0.000158622
0.000158489
0.000158356
0.000158224
0.000158092
0.00015796
0.000157828
0.000157697
0.000157566
0.000157435
0.000157304
0.000157174
0.000157044
0.000156914
0.000156784
0.000156654
0.000156525
0.000156396
0.000156267
0.000156139
0.00015601
0.000155882
0.000155755
0.000155627
0.000155499
0.000155372
0.000155245
0.000155119
0.000154992
0.000154866
0.00015474
0.000154614
0.000154489
0.000154363
0.000154238
0.000154113
0.000153989
0.000153864
0.00015374
0.000153616
0.000153492
0.000153368
0.000153245
0.000153122
0.000152999
0.000152876
0.000152754
0.000152632
0.00015251
0.000152388
0.000152266
0.000152145
0.000152023
0.000151903
0.000151782
0.000151661
0.000151541
0.000151421
0.000151301
0.000151181
0.000151062
0.000150942
0.000150823
0.000150704
0.000150586
0.000150467
0.000150349
0.000150231
0.000150113
0.000149995
0.000149878
0.000149761
0.000149643
0.000149527
0.00014941
0.000149294
0.000149177
0.000149061
0.000148945
0.00014883
0.000148714
0.000148599
0.000148484
0.000148369
0.000148254
0.00014814
0.000148026
0.000147912
0.000147798
0.000147684
0.00014757
0.000147457
0.000147344
0.000147231
0.000147118
0.000147006
0.000146893
0.000146781
0.000146669
0.000146557
0.000146446
0.000146334
0.000146223
0.000146112
0.000146001
0.000145891
0.00014578
0.00014567
0.00014556
0.00014545
0.00014534
0.00014523
0.000145121
0.000145012
0.000144903
0.000144794
0.000144685
0.000144577
0.000144468
0.00014436
0.000144252
0.000144145
0.000144037
0.00014393
0.000143822
0.000143715
0.000143608
0.000143502
0.000143395
0.000143289
0.000143182
0.000143076
0.000142971
0.000142865
0.000142759
0.000142654
0.000142549
0.000142444
0.000142339
0.000142234
0.00014213
0.000142026
0.000141922
0.000141818
0.000141714
0.00014161
0.000141507
0.000141403
0.0001413
0.000141197
0.000141094
0.000140992
0.000140889
0.000140787
0.000140685
0.000140583
0.000140481
0.000140379
0.000140278
0.000140176
0.000140075
0.000139974
0.000139873
0.000139773
0.000139672
0.000139572
0.000139471
0.000139371
0.000139271
0.000139172
0.000139072
0.000138973
0.000138873
0.000138774
0.000138675
0.000138577
0.000138478
0.000138379
0.000138281
0.000138183
0.000138085
0.000137987
0.000137889
0.000137792
0.000137694
0.000137597
0.0001375
0.000137403
0.000137306
0.000137209
0.000137113
0.000137016
0.00013692
0.000136824
0.000136728
0.000136632
0.000136537
0.000136441
0.000136346
0.000136251
0.000136156
0.000136061
0.000135966
0.000135871
0.000135777
0.000135683
0.000135588
0.000135494
0.0001354
0.000135307
0.000135213
0.00013512
0.000135026
0.000134933
0.00013484
0.000134747
0.000134654
0.000134562
0.000134469
0.000134377
0.000134285
0.000134193
0.000134101
0.000134009
0.000133918
0.000133826
0.000133735
0.000133643
0.000133552
0.000133461
0.000133371
0.00013328
0.000133189
0.000133099
0.000133009
0.000132919
0.000132829
0.000132739
0.000132649
0.000132559
0.00013247
0.000132381
0.000132291
0.000132202
0.000132113
0.000132025
0.000131936
0.000131847
0.000131759
0.000131671
0.000131582
0.000131494
0.000131407
0.000131319
0.000131231
0.000131144
0.000131056
0.000130969
0.000130882
0.000130795
0.000130708
0.000130621
0.000130535
0.000130448
0.000130362
0.000130276
0.00013019
0.000130104
0.000130018
0.000129932
0.000129846
0.000129761
0.000129675
0.00012959
0.000129505
0.00012942
0.000129335
0.000129251
0.000129166
0.000129081
0.000128997
0.000128913
0.000128829
0.000128745
0.000128661
0.000128577
0.000128493
0.00012841
0.000128326
0.000128243
0.00012816
0.000128077
0.000127994
0.000127911
0.000127828
0.000127746
0.000127663
0.000127581
0.000127499
0.000127417
0.000127335
0.000127253
0.000127171
0.000127089
0.000127008
0.000126926
0.000126845
0.000126764
0.000126683
0.000126602
0.000126521
0.00012644
0.00012636
0.000126279
0.000126199
0.000126118
0.000126038
0.000125958
0.000125878
0.000125798
0.000125719
0.000125639
0.00012556
0.00012548
0.000125401
0.000125322
0.000125243
0.000125164
0.000125085
0.000125006
0.000124928
0.000124849
0.000124771
0.000124692
0.000124614
0.000124536
0.000124458
0.00012438
0.000124303
0.000124225
0.000124147
0.00012407
0.000123993
0.000123915
0.000123838
0.000123761
0.000123684
0.000123608
0.000123531
0.000123454
0.000123378
0.000123301
0.000123225
0.000123149
0.000123073
0.000122997
0.000122921
0.000122845
0.00012277
0.000122694
0.000122619
0.000122543
0.000122468
0.000122393
0.000122318
0.000122243
0.000122168
0.000122093
0.000122019
0.000121944
0.00012187
0.000121795
0.000121721
0.000121647
0.000121573
0.000121499
0.000121425
0.000121351
0.000121278
0.000121204
0.000121131
0.000121057
0.000120984
0.000120911
0.000120838
0.000120765
0.000120692
0.000120619
0.000120547
0.000120474
0.000120402
0.000120329
0.000120257
0.000120185
0.000120113
0.000120041
0.000119969
0.000119897
0.000119825
0.000119754
0.000119682
0.000119611
0.000119539
0.000119468
0.000119397
0.000119326
0.000119255
0.000119184
0.000119113
0.000119042
0.000118972
0.000118901
0.000118831
0.000118761
0.00011869
0.00011862
0.00011855
0.00011848
0.00011841
0.000118341
0.000118271
0.000118201
0.000118132
0.000118062
0.000117993
0.000117924
0.000117855
0.000117786
0.000117717
0.000117648
0.000117579
0.00011751
0.000117442
0.000117373
0.000117305
0.000117237
0.000117168
0.0001171
0.000117032
0.000116964
0.000116896
0.000116828
0.000116761
0.000116693
0.000116625
0.000116558
0.00011649
0.000116423
0.000116356
0.000116289
0.000116222
0.000116155
0.000116088
0.000116021
0.000115954
0.000115888
0.000115821
0.000115755
0.000115688
0.000115622
0.000115556
0.00011549
0.000115424
0.000115358
0.000115292
0.000115226
0.00011516
0.000115095
0.000115029
0.000114964
0.000114898
0.000114833
0.000114768
0.000114703
0.000114638
0.000114573
0.000114508
0.000114443
0.000114378
0.000114314
0.000114249
0.000114185
0.00011412
0.000114056
0.000113992
0.000113928
0.000113864
0.000113799
0.000113736
0.000113672
0.000113608
0.000113544
0.000113481
0.000113417
0.000113354
0.00011329
0.000113227
0.000113164
0.000113101
0.000113038
0.000112975
0.000112912
0.000112849
0.000112786
0.000112723
0.000112661
0.000112598
0.000112536
0.000112473
0.000112411
0.000112349
0.000112287
0.000112225
0.000112163
0.000112101
0.000112039
0.000111977
0.000111916
0.000111854
0.000111792
0.000111731
0.000111669
0.000111608
0.000111547
0.000111486
0.000111425
0.000111364
0.000111303
0.000111242
0.000111181
0.00011112
0.00011106
0.000110999
0.000110939
0.000110878
0.000110818
0.000110757
0.000110697
0.000110637
0.000110577
0.000110517
0.000110457
0.000110397
0.000110337
0.000110278
0.000110218
0.000110158
0.000110099
0.000110039
0.00010998
0.000109921
0.000109862
0.000109802
0.000109743
0.000109684
0.000109625
0.000109567
0.000109508
0.000109449
0.00010939
0.000109332
0.000109273
0.000109215
0.000109156
0.000109098
0.00010904
0.000108982
0.000108923
0.000108865
0.000108807
0.00010875
0.000108692
0.000108634
0.000108576
0.000108519
0.000108461
0.000108404
0.000108346
0.000108289
0.000108231
0.000108174
0.000108117
0.00010806
0.000108003
0.000107946
0.000107889
0.000107832
0.000107775
0.000107719
0.000107662
0.000107605
0.000107549
0.000107492
0.000107436
0.00010738
0.000107324
0.000107267
0.000107211
0.000107155
0.000107099
0.000107043
0.000106987
0.000106932
0.000106876
0.00010682
0.000106765
0.000106709
0.000106654
0.000106598
0.000106543
0.000106487
0.000106432
0.000106377
0.000106322
0.000106267
0.000106212
0.000106157
0.000106102
0.000106047
0.000105993
0.000105938
0.000105883
0.000105829
0.000105774
0.00010572
0.000105666
0.000105611
0.000105557
0.000105503
0.000105449
0.000105395
0.000105341
0.000105287
0.000105233
0.000105179
0.000105126
0.000105072
0.000105018
0.000104965
0.000104911
0.000104858
0.000104804
0.000104751
0.000104698
0.000104645
0.000104591
0.000104538
0.000104485
0.000104432
0.000104379
0.000104327
0.000104274
0.000104221
0.000104168
0.000104116
0.000104063
0.000104011
0.000103958
0.000103906
0.000103854
0.000103801
0.000103749
0.000103697
0.000103645
0.000103593
0.000103541
0.000103489
0.000103437
0.000103385
0.000103334
0.000103282
0.00010323
0.000103179
0.000103127
0.000103076
0.000103024
0.000102973
0.000102922
0.00010287
0.000102819
0.000102768
0.000102717
0.000102666
0.000102615
0.000102564
0.000102513
0.000102463
0.000102412
0.000102361
0.000102311
0.00010226
0.00010221
0.000102159
0.000102109
0.000102058
0.000102008
0.000101958
0.000101908
0.000101857
0.000101807
0.000101757
0.000101707
0.000101658
0.000101608
0.000101558
0.000101508
0.000101458
0.000101409
0.000101359
0.00010131
0.00010126
0.000101211
0.000101161
0.000101112
0.000101063
0.000101014
0.000100964
0.000100915
0.000100866
0.000100817
0.000100768
0.000100719
0.00010067
0.000100622
0.000100573
0.000100524
0.000100476
0.000100427
0.000100378
0.00010033
0.000100282
0.000100233
0.000100185
0.000100137
0.000100088
0.00010004
9.9992e-05
9.9944e-05
9.98959e-05
9.9848e-05
9.98e-05
9.97522e-05
9.97043e-05
9.96566e-05
9.96089e-05
9.95612e-05
9.95136e-05
9.9466e-05
9.94185e-05
9.9371e-05
9.93236e-05
9.92762e-05
9.92289e-05
9.91816e-05
9.91344e-05
9.90872e-05
9.90401e-05
9.8993e-05
9.8946e-05
9.8899e-05
9.88521e-05
9.88052e-05
9.87584e-05
9.87116e-05
9.86649e-05
9.86182e-05
9.85716e-05
9.8525e-05
9.84785e-05
9.8432e-05
9.83855e-05
9.83392e-05
9.82928e-05
9.82465e-05
9.82003e-05
9.81541e-05
9.81079e-05
9.80618e-05
9.80158e-05
9.79698e-05
9.79238e-05
9.78779e-05
9.7832e-05
9.77862e-05
9.77404e-05
9.76947e-05
9.7649e-05
9.76034e-05
9.75578e-05
9.75123e-05
9.74668e-05
9.74214e-05
9.7376e-05
9.73306e-05
9.72853e-05
9.72401e-05
9.71949e-05
9.71497e-05
9.71046e-05
9.70595e-05
9.70145e-05
9.69695e-05
9.69246e-05
9.68797e-05
9.68348e-05
9.679e-05
9.67453e-05
9.67006e-05
9.66559e-05
9.66113e-05
9.65668e-05
9.65222e-05
9.64778e-05
9.64333e-05
9.63889e-05
9.63446e-05
9.63003e-05
9.62561e-05
9.62118e-05
9.61677e-05
9.61236e-05
9.60795e-05
9.60355e-05
9.59915e-05
9.59475e-05
9.59036e-05
9.58598e-05
9.5816e-05
9.57722e-05
9.57285e-05
9.56848e-05
9.56412e-05
9.55976e-05
9.55541e-05
9.55106e-05
9.54671e-05
9.54237e-05
9.53803e-05
9.5337e-05
9.52937e-05
9.52505e-05
9.52073e-05
9.51641e-05
9.5121e-05
9.5078e-05
9.50349e-05
9.4992e-05
9.4949e-05
9.49061e-05
9.48633e-05
9.48205e-05
9.47777e-05
9.4735e-05
9.46923e-05
9.46496e-05
9.4607e-05
9.45645e-05
9.4522e-05
9.44795e-05
9.44371e-05
9.43947e-05
9.43523e-05
9.431e-05
9.42678e-05
9.42256e-05
9.41834e-05
9.41412e-05
9.40991e-05
9.40571e-05
9.40151e-05
9.39731e-05
9.39312e-05
9.38893e-05
9.38474e-05
9.38056e-05
9.37639e-05
9.37221e-05
9.36805e-05
9.36388e-05
9.35972e-05
9.35557e-05
9.35141e-05
9.34727e-05
9.34312e-05
9.33898e-05
9.33485e-05
9.33071e-05
9.32659e-05
9.32246e-05
9.31834e-05
9.31423e-05
9.31011e-05
9.30601e-05
9.3019e-05
9.2978e-05
9.29371e-05
9.28962e-05
9.28553e-05
9.28144e-05
9.27736e-05
9.27329e-05
9.26922e-05
9.26515e-05
9.26108e-05
9.25702e-05
9.25297e-05
9.24891e-05
9.24487e-05
9.24082e-05
9.23678e-05
9.23274e-05
9.22871e-05
9.22468e-05
9.22066e-05
9.21664e-05
9.21262e-05
9.2086e-05
9.2046e-05
9.20059e-05
9.19659e-05
9.19259e-05
9.18859e-05
9.1846e-05
9.18062e-05
9.17663e-05
9.17266e-05
9.16868e-05
9.16471e-05
9.16074e-05
9.15678e-05
9.15282e-05
9.14886e-05
9.14491e-05
9.14096e-05
9.13701e-05
9.13307e-05
9.12913e-05
9.1252e-05
9.12127e-05
9.11734e-05
9.11342e-05
9.1095e-05
9.10559e-05
9.10168e-05
9.09777e-05
9.09386e-05
9.08996e-05
9.08607e-05
9.08217e-05
9.07828e-05
9.0744e-05
9.07052e-05
9.06664e-05
9.06276e-05
9.05889e-05
9.05502e-05
9.05116e-05
9.0473e-05
9.04344e-05
9.03959e-05
9.03574e-05
9.03189e-05
9.02805e-05
9.02421e-05
9.02038e-05
9.01655e-05
9.01272e-05
9.0089e-05
9.00507e-05
9.00126e-05
8.99744e-05
8.99363e-05
8.98983e-05
8.98603e-05
8.98223e-05
8.97843e-05
8.97464e-05
8.97085e-05
8.96706e-05
8.96328e-05
8.9595e-05
8.95573e-05
8.95196e-05
8.94819e-05
8.94443e-05
8.94067e-05
8.93691e-05
8.93315e-05
8.9294e-05
8.92566e-05
8.92191e-05
8.91817e-05
8.91444e-05
8.91071e-05
8.90698e-05
8.90325e-05
8.89953e-05
8.89581e-05
8.89209e-05
8.88838e-05
8.88467e-05
8.88097e-05
8.87726e-05
8.87356e-05
8.86987e-05
8.86618e-05
8.86249e-05
8.8588e-05
8.85512e-05
8.85144e-05
8.84777e-05
8.8441e-05
8.84043e-05
8.83676e-05
8.8331e-05
8.82944e-05
8.82579e-05
8.82214e-05
8.81849e-05
8.81484e-05
8.8112e-05
8.80756e-05
8.80393e-05
8.8003e-05
8.79667e-05
8.79304e-05
8.78942e-05
8.7858e-05
8.78219e-05
8.77857e-05
8.77497e-05
8.77136e-05
8.76776e-05
8.76416e-05
8.76056e-05
8.75697e-05
8.75338e-05
8.7498e-05
8.74621e-05
8.74263e-05
8.73906e-05
8.73548e-05
8.73191e-05
8.72835e-05
8.72478e-05
8.72122e-05
8.71767e-05
8.71411e-05
8.71056e-05
8.70702e-05
8.70347e-05
8.69993e-05
8.69639e-05
8.69286e-05
8.68933e-05
8.6858e-05
8.68227e-05
8.67875e-05
8.67523e-05
8.67172e-05
8.6682e-05
8.66469e-05
8.66119e-05
8.65768e-05
8.65418e-05
8.65069e-05
8.64719e-05
8.6437e-05
8.64021e-05
8.63673e-05
8.63325e-05
8.62977e-05
8.62629e-05
8.62282e-05
8.61935e-05
8.61589e-05
8.61242e-05
8.60896e-05
8.60551e-05
8.60205e-05
8.5986e-05
8.59515e-05
8.59171e-05
8.58827e-05
8.58483e-05
8.58139e-05
8.57796e-05
8.57453e-05
8.5711e-05
8.56768e-05
8.56426e-05
8.56084e-05
8.55743e-05
8.55402e-05
8.55061e-05
8.5472e-05
8.5438e-05
8.5404e-05
8.537e-05
8.53361e-05
8.53022e-05
8.52683e-05
8.52345e-05
8.52007e-05
8.51669e-05
8.51331e-05
8.50994e-05
8.50657e-05
8.5032e-05
8.49984e-05
8.49648e-05
8.49312e-05
8.48976e-05
8.48641e-05
8.48306e-05
8.47972e-05
8.47637e-05
8.47303e-05
8.46969e-05
8.46636e-05
8.46303e-05
8.4597e-05
8.45637e-05
8.45305e-05
8.44973e-05
8.44641e-05
8.44309e-05
8.43978e-05
8.43647e-05
8.43317e-05
8.42986e-05
8.42656e-05
8.42327e-05
8.41997e-05
8.41668e-05
8.41339e-05
8.4101e-05
8.40682e-05
8.40354e-05
8.40026e-05
8.39699e-05
8.39372e-05
8.39045e-05
8.38718e-05
8.38392e-05
8.38065e-05
8.3774e-05
8.37414e-05
8.37089e-05
8.36764e-05
8.36439e-05
8.36115e-05
8.35791e-05
8.35467e-05
8.35143e-05
8.3482e-05
8.34497e-05
8.34174e-05
8.33852e-05
8.33529e-05
8.33207e-05
8.32886e-05
8.32564e-05
8.32243e-05
8.31922e-05
8.31602e-05
8.31281e-05
8.30961e-05
8.30642e-05
8.30322e-05
8.30003e-05
8.29684e-05
8.29365e-05
8.29047e-05
8.28729e-05
8.28411e-05
8.28093e-05
8.27776e-05
8.27459e-05
8.27142e-05
8.26826e-05
8.26509e-05
8.26193e-05
8.25878e-05
8.25562e-05
8.25247e-05
8.24932e-05
8.24617e-05
8.24303e-05
8.23989e-05
8.23675e-05
8.23361e-05
8.23048e-05
8.22735e-05
8.22422e-05
8.22109e-05
8.21797e-05
8.21485e-05
8.21173e-05
8.20862e-05
8.2055e-05
8.20239e-05
8.19929e-05
8.19618e-05
8.19308e-05
8.18998e-05
8.18688e-05
8.18379e-05
8.1807e-05
8.17761e-05
8.17452e-05
8.17144e-05
8.16836e-05
8.16528e-05
8.1622e-05
8.15913e-05
8.15605e-05
8.15299e-05
8.14992e-05
8.14686e-05
8.14379e-05
8.14074e-05
8.13768e-05
8.13463e-05
8.13157e-05
8.12853e-05
8.12548e-05
8.12244e-05
8.1194e-05
8.11636e-05
8.11332e-05
8.11029e-05
8.10726e-05
8.10423e-05
8.1012e-05
8.09818e-05
8.09516e-05
8.09214e-05
8.08912e-05
8.08611e-05
8.0831e-05
8.08009e-05
8.07708e-05
8.07408e-05
8.07108e-05
8.06808e-05
8.06508e-05
8.06209e-05
8.0591e-05
8.05611e-05
8.05312e-05
8.05014e-05
8.04715e-05
8.04418e-05
8.0412e-05
8.03822e-05
8.03525e-05
8.03228e-05
8.02932e-05
8.02635e-05
8.02339e-05
8.02043e-05
8.01747e-05
8.01452e-05
8.01156e-05
8.00861e-05
8.00566e-05
8.00272e-05
7.99978e-05
7.99683e-05
7.9939e-05
7.99096e-05
7.98803e-05
7.9851e-05
7.98217e-05
7.97924e-05
7.97632e-05
7.97339e-05
7.97047e-05
7.96756e-05
7.96464e-05
7.96173e-05
7.95882e-05
7.95591e-05
7.95301e-05
7.9501e-05
7.9472e-05
7.9443e-05
7.94141e-05
7.93851e-05
7.93562e-05
7.93273e-05
7.92985e-05
7.92696e-05
7.92408e-05
7.9212e-05
7.91832e-05
7.91545e-05
7.91258e-05
7.9097e-05
7.90684e-05
7.90397e-05
7.90111e-05
7.89824e-05
7.89539e-05
7.89253e-05
7.88967e-05
7.88682e-05
7.88397e-05
7.88112e-05
7.87828e-05
7.87543e-05
7.87259e-05
7.86976e-05
7.86692e-05
7.86408e-05
7.86125e-05
7.85842e-05
7.85559e-05
7.85277e-05
7.84995e-05
7.84713e-05
7.84431e-05
7.84149e-05
7.83868e-05
7.83586e-05
7.83306e-05
7.83025e-05
7.82744e-05
7.82464e-05
7.82184e-05
7.81904e-05
7.81624e-05
7.81345e-05
7.81066e-05
7.80787e-05
7.80508e-05
7.80229e-05
7.79951e-05
7.79673e-05
7.79395e-05
7.79117e-05
7.7884e-05
7.78563e-05
7.78286e-05
7.78009e-05
7.77732e-05
7.77456e-05
7.7718e-05
7.76904e-05
7.76628e-05
7.76353e-05
7.76077e-05
7.75802e-05
7.75528e-05
7.75253e-05
7.74978e-05
7.74704e-05
7.7443e-05
7.74156e-05
7.73883e-05
7.7361e-05
7.73336e-05
7.73063e-05
7.72791e-05
7.72518e-05
7.72246e-05
7.71974e-05
7.71702e-05
7.7143e-05
7.71159e-05
7.70888e-05
7.70617e-05
7.70346e-05
7.70075e-05
7.69805e-05
7.69534e-05
7.69265e-05
7.68995e-05
7.68725e-05
7.68456e-05
7.68187e-05
7.67918e-05
7.67649e-05
7.6738e-05
7.67112e-05
7.66844e-05
7.66576e-05
7.66308e-05
7.66041e-05
7.65774e-05
7.65506e-05
7.6524e-05
7.64973e-05
7.64706e-05
7.6444e-05
7.64174e-05
7.63908e-05
7.63643e-05
7.63377e-05
7.63112e-05
7.62847e-05
7.62582e-05
7.62317e-05
7.62053e-05
7.61789e-05
7.61525e-05
7.61261e-05
7.60997e-05
7.60734e-05
7.60471e-05
7.60207e-05
7.59945e-05
7.59682e-05
7.5942e-05
7.59157e-05
7.58895e-05
7.58634e-05
7.58372e-05
7.5811e-05
7.57849e-05
7.57588e-05
7.57327e-05
7.57067e-05
7.56806e-05
7.56546e-05
7.56286e-05
7.56026e-05
7.55766e-05
7.55507e-05
7.55248e-05
7.54989e-05
7.5473e-05
7.54471e-05
7.54213e-05
7.53954e-05
7.53696e-05
7.53438e-05
7.53181e-05
7.52923e-05
7.52666e-05
7.52409e-05
7.52152e-05
7.51895e-05
7.51639e-05
7.51382e-05
7.51126e-05
7.5087e-05
7.50614e-05
7.50359e-05
7.50103e-05
7.49848e-05
7.49593e-05
7.49338e-05
7.49084e-05
7.48829e-05
7.48575e-05
7.48321e-05
7.48067e-05
7.47813e-05
7.4756e-05
7.47307e-05
7.47054e-05
7.46801e-05
7.46548e-05
7.46295e-05
7.46043e-05
7.45791e-05
7.45539e-05
7.45287e-05
7.45036e-05
7.44784e-05
7.44533e-05
7.44282e-05
7.44031e-05
7.4378e-05
7.4353e-05
7.4328e-05
7.43029e-05
7.4278e-05
7.4253e-05
7.4228e-05
7.42031e-05
7.41782e-05
7.41533e-05
7.41284e-05
7.41035e-05
7.40787e-05
7.40539e-05
7.4029e-05
7.40043e-05
7.39795e-05
7.39547e-05
7.393e-05
7.39053e-05
7.38806e-05
7.38559e-05
7.38312e-05
7.38066e-05
7.3782e-05
7.37574e-05
7.37328e-05
7.37082e-05
7.36836e-05
7.36591e-05
7.36346e-05
7.36101e-05
7.35856e-05
7.35611e-05
7.35367e-05
7.35123e-05
7.34879e-05
7.34635e-05
7.34391e-05
7.34147e-05
7.33904e-05
7.33661e-05
7.33418e-05
7.33175e-05
7.32932e-05
7.3269e-05
7.32447e-05
7.32205e-05
7.31963e-05
7.31722e-05
7.3148e-05
7.31238e-05
7.30997e-05
7.30756e-05
7.30515e-05
7.30274e-05
7.30034e-05
7.29793e-05
7.29553e-05
7.29313e-05
7.29073e-05
7.28834e-05
7.28594e-05
7.28355e-05
7.28116e-05
7.27877e-05
7.27638e-05
7.27399e-05
7.27161e-05
7.26922e-05
7.26684e-05
7.26446e-05
7.26208e-05
7.25971e-05
7.25733e-05
7.25496e-05
7.25259e-05
7.25022e-05
7.24785e-05
7.24549e-05
7.24312e-05
7.24076e-05
7.2384e-05
7.23604e-05
7.23368e-05
7.23133e-05
7.22897e-05
7.22662e-05
7.22427e-05
7.22192e-05
7.21957e-05
7.21723e-05
7.21488e-05
7.21254e-05
7.2102e-05
7.20786e-05
7.20552e-05
7.20319e-05
7.20085e-05
7.19852e-05
7.19619e-05
7.19386e-05
7.19153e-05
7.18921e-05
7.18688e-05
7.18456e-05
7.18224e-05
7.17992e-05
7.1776e-05
7.17529e-05
7.17297e-05
7.17066e-05
7.16835e-05
7.16604e-05
7.16373e-05
7.16143e-05
7.15912e-05
7.15682e-05
7.15452e-05
7.15222e-05
7.14992e-05
7.14763e-05
7.14533e-05
7.14304e-05
7.14075e-05
7.13846e-05
7.13617e-05
7.13388e-05
7.1316e-05
7.12932e-05
7.12703e-05
7.12475e-05
7.12248e-05
7.1202e-05
7.11792e-05
7.11565e-05
7.11338e-05
7.11111e-05
7.10884e-05
7.10657e-05
7.10431e-05
7.10204e-05
7.09978e-05
7.09752e-05
7.09526e-05
7.093e-05
7.09075e-05
7.08849e-05
7.08624e-05
7.08399e-05
7.08174e-05
7.07949e-05
7.07724e-05
7.075e-05
7.07276e-05
7.07051e-05
7.06827e-05
7.06603e-05
7.0638e-05
7.06156e-05
7.05933e-05
7.05709e-05
7.05486e-05
7.05263e-05
7.05041e-05
7.04818e-05
7.04596e-05
7.04373e-05
7.04151e-05
7.03929e-05
7.03707e-05
7.03485e-05
7.03264e-05
7.03042e-05
7.02821e-05
7.026e-05
7.02379e-05
7.02158e-05
7.01938e-05
7.01717e-05
7.01497e-05
7.01277e-05
7.01057e-05
7.00837e-05
7.00617e-05
7.00398e-05
7.00178e-05
6.99959e-05
6.9974e-05
6.99521e-05
6.99302e-05
6.99083e-05
6.98865e-05
6.98647e-05
6.98428e-05
6.9821e-05
6.97992e-05
6.97775e-05
6.97557e-05
6.9734e-05
6.97122e-05
6.96905e-05
6.96688e-05
6.96471e-05
6.96255e-05
6.96038e-05
6.95822e-05
6.95605e-05
6.95389e-05
6.95173e-05
6.94957e-05
6.94742e-05
6.94526e-05
6.94311e-05
6.94096e-05
6.9388e-05
6.93665e-05
6.93451e-05
6.93236e-05
6.93022e-05
6.92807e-05
6.92593e-05
6.92379e-05
6.92165e-05
6.91951e-05
6.91738e-05
6.91524e-05
6.91311e-05
6.91098e-05
6.90885e-05
6.90672e-05
6.90459e-05
6.90246e-05
6.90034e-05
6.89821e-05
6.89609e-05
6.89397e-05
6.89185e-05
6.88974e-05
6.88762e-05
6.88551e-05
6.88339e-05
6.88128e-05
6.87917e-05
6.87706e-05
6.87495e-05
6.87285e-05
6.87074e-05
6.86864e-05
6.86654e-05
6.86444e-05
6.86234e-05
6.86024e-05
6.85814e-05
6.85605e-05
6.85396e-05
6.85186e-05
6.84977e-05
6.84769e-05
6.8456e-05
6.84351e-05
6.84143e-05
6.83934e-05
6.83726e-05
6.83518e-05
6.8331e-05
6.83102e-05
6.82895e-05
6.82687e-05
6.8248e-05
6.82272e-05
6.82065e-05
6.81858e-05
6.81652e-05
6.81445e-05
6.81238e-05
6.81032e-05
6.80826e-05
6.8062e-05
6.80414e-05
6.80208e-05
6.80002e-05
6.79796e-05
6.79591e-05
6.79386e-05
6.7918e-05
6.78975e-05
6.78771e-05
6.78566e-05
6.78361e-05
6.78157e-05
6.77952e-05
6.77748e-05
6.77544e-05
6.7734e-05
6.77136e-05
6.76933e-05
6.76729e-05
6.76526e-05
6.76322e-05
6.76119e-05
6.75916e-05
6.75713e-05
6.75511e-05
6.75308e-05
6.75105e-05
6.74903e-05
6.74701e-05
6.74499e-05
6.74297e-05
6.74095e-05
6.73893e-05
6.73692e-05
6.73491e-05
6.73289e-05
6.73088e-05
6.72887e-05
6.72686e-05
6.72485e-05
6.72285e-05
6.72084e-05
6.71884e-05
6.71684e-05
6.71484e-05
6.71284e-05
6.71084e-05
6.70884e-05
6.70685e-05
6.70485e-05
6.70286e-05
6.70087e-05
6.69888e-05
6.69689e-05
6.6949e-05
6.69291e-05
6.69093e-05
6.68895e-05
6.68696e-05
6.68498e-05
6.683e-05
6.68102e-05
6.67905e-05
6.67707e-05
6.6751e-05
6.67312e-05
6.67115e-05
6.66918e-05
6.66721e-05
6.66524e-05
6.66327e-05
6.66131e-05
6.65934e-05
6.65738e-05
6.65542e-05
6.65346e-05
6.6515e-05
6.64954e-05
6.64758e-05
6.64563e-05
6.64367e-05
6.64172e-05
6.63977e-05
6.63782e-05
6.63587e-05
6.63392e-05
6.63197e-05
6.63003e-05
6.62808e-05
6.62614e-05
6.6242e-05
6.62226e-05
6.62032e-05
6.61838e-05
6.61644e-05
6.61451e-05
6.61257e-05
6.61064e-05
6.60871e-05
6.60678e-05
6.60485e-05
6.60292e-05
6.60099e-05
6.59907e-05
6.59714e-05
6.59522e-05
6.5933e-05
6.59138e-05
6.58946e-05
6.58754e-05
6.58562e-05
6.58371e-05
6.58179e-05
6.57988e-05
6.57797e-05
6.57606e-05
6.57415e-05
6.57224e-05
6.57033e-05
6.56843e-05
6.56652e-05
6.56462e-05
6.56272e-05
6.56081e-05
6.55891e-05
6.55702e-05
6.55512e-05
6.55322e-05
6.55133e-05
6.54943e-05
6.54754e-05
6.54565e-05
6.54376e-05
6.54187e-05
6.53998e-05
6.5381e-05
6.53621e-05
6.53433e-05
6.53244e-05
6.53056e-05
6.52868e-05
6.5268e-05
6.52492e-05
6.52305e-05
6.52117e-05
6.5193e-05
6.51742e-05
6.51555e-05
6.51368e-05
6.51181e-05
6.50994e-05
6.50807e-05
6.50621e-05
6.50434e-05
6.50248e-05
6.50061e-05
6.49875e-05
6.49689e-05
6.49503e-05
6.49317e-05
6.49132e-05
6.48946e-05
6.48761e-05
6.48575e-05
6.4839e-05
6.48205e-05
6.4802e-05
6.47835e-05
6.4765e-05
6.47466e-05
6.47281e-05
6.47097e-05
6.46912e-05
6.46728e-05
6.46544e-05
6.4636e-05
6.46176e-05
6.45993e-05
6.45809e-05
6.45626e-05
6.45442e-05
6.45259e-05
6.45076e-05
6.44893e-05
6.4471e-05
6.44527e-05
6.44344e-05
6.44162e-05
6.43979e-05
6.43797e-05
6.43615e-05
6.43433e-05
6.43251e-05
6.43069e-05
6.42887e-05
6.42705e-05
6.42524e-05
6.42342e-05
6.42161e-05
6.4198e-05
6.41799e-05
6.41618e-05
6.41437e-05
6.41256e-05
6.41075e-05
6.40895e-05
6.40714e-05
6.40534e-05
6.40354e-05
6.40174e-05
6.39994e-05
6.39814e-05
6.39634e-05
6.39454e-05
6.39275e-05
6.39096e-05
6.38916e-05
6.38737e-05
6.38558e-05
6.38379e-05
6.382e-05
6.38021e-05
6.37843e-05
6.37664e-05
6.37486e-05
6.37307e-05
6.37129e-05
6.36951e-05
6.36773e-05
6.36595e-05
6.36417e-05
6.3624e-05
6.36062e-05
6.35885e-05
6.35707e-05
6.3553e-05
6.35353e-05
6.35176e-05
6.34999e-05
6.34822e-05
6.34646e-05
6.34469e-05
6.34293e-05
6.34116e-05
6.3394e-05
6.33764e-05
6.33588e-05
6.33412e-05
6.33236e-05
6.3306e-05
6.32885e-05
6.32709e-05
6.32534e-05
6.32359e-05
6.32183e-05
6.32008e-05
6.31833e-05
6.31658e-05
6.31484e-05
6.31309e-05
6.31135e-05
6.3096e-05
6.30786e-05
6.30612e-05
6.30437e-05
6.30263e-05
6.3009e-05
6.29916e-05
6.29742e-05
6.29568e-05
6.29395e-05
6.29222e-05
6.29048e-05
6.28875e-05
6.28702e-05
6.28529e-05
6.28356e-05
6.28184e-05
6.28011e-05
6.27838e-05
6.27666e-05
6.27494e-05
6.27321e-05
6.27149e-05
6.26977e-05
6.26805e-05
6.26634e-05
6.26462e-05
6.2629e-05
6.26119e-05
6.25947e-05
6.25776e-05
6.25605e-05
6.25434e-05
6.25263e-05
6.25092e-05
6.24921e-05
6.2475e-05
6.2458e-05
6.24409e-05
6.24239e-05
6.24069e-05
6.23899e-05
6.23729e-05
6.23559e-05
6.23389e-05
6.23219e-05
6.23049e-05
6.2288e-05
6.2271e-05
6.22541e-05
6.22372e-05
6.22203e-05
6.22034e-05
6.21865e-05
6.21696e-05
6.21527e-05
6.21359e-05
6.2119e-05
6.21022e-05
6.20853e-05
6.20685e-05
6.20517e-05
6.20349e-05
6.20181e-05
6.20013e-05
6.19845e-05
6.19678e-05
6.1951e-05
6.19343e-05
6.19175e-05
6.19008e-05
6.18841e-05
6.18674e-05
6.18507e-05
6.1834e-05
6.18173e-05
6.18007e-05
6.1784e-05
6.17674e-05
6.17508e-05
6.17341e-05
6.17175e-05
6.17009e-05
6.16843e-05
6.16677e-05
6.16512e-05
6.16346e-05
6.1618e-05
6.16015e-05
6.1585e-05
6.15684e-05
6.15519e-05
6.15354e-05
6.15189e-05
6.15024e-05
6.14859e-05
6.14695e-05
6.1453e-05
6.14366e-05
6.14201e-05
6.14037e-05
6.13873e-05
6.13709e-05
6.13545e-05
6.13381e-05
6.13217e-05
6.13053e-05
6.1289e-05
6.12726e-05
6.12563e-05
6.12399e-05
6.12236e-05
6.12073e-05
6.1191e-05
6.11747e-05
6.11584e-05
6.11422e-05
6.11259e-05
6.11096e-05
6.10934e-05
6.10772e-05
6.10609e-05
6.10447e-05
6.10285e-05
6.10123e-05
6.09961e-05
6.09799e-05
6.09638e-05
6.09476e-05
6.09315e-05
6.09153e-05
6.08992e-05
6.08831e-05
6.08669e-05
6.08508e-05
6.08347e-05
6.08187e-05
6.08026e-05
6.07865e-05
6.07705e-05
6.07544e-05
6.07384e-05
6.07223e-05
6.07063e-05
6.06903e-05
6.06743e-05
6.06583e-05
6.06423e-05
6.06264e-05
6.06104e-05
6.05944e-05
6.05785e-05
6.05626e-05
6.05466e-05
6.05307e-05
6.05148e-05
6.04989e-05
6.0483e-05
6.04671e-05
6.04513e-05
6.04354e-05
6.04195e-05
6.04037e-05
6.03879e-05
6.0372e-05
6.03562e-05
6.03404e-05
6.03246e-05
6.03088e-05
6.0293e-05
6.02773e-05
6.02615e-05
6.02457e-05
6.023e-05
6.02143e-05
6.01985e-05
6.01828e-05
6.01671e-05
6.01514e-05
6.01357e-05
6.012e-05
6.01044e-05
6.00887e-05
6.00731e-05
6.00574e-05
6.00418e-05
6.00261e-05
6.00105e-05
5.99949e-05
5.99793e-05
5.99637e-05
5.99481e-05
5.99326e-05
5.9917e-05
5.99014e-05
5.98859e-05
5.98704e-05
5.98548e-05
5.98393e-05
5.98238e-05
5.98083e-05
5.97928e-05
5.97773e-05
5.97618e-05
5.97464e-05
5.97309e-05
5.97155e-05
5.97e-05
5.96846e-05
5.96692e-05
5.96538e-05
5.96384e-05
5.9623e-05
5.96076e-05
5.95922e-05
5.95768e-05
5.95615e-05
5.95461e-05
5.95308e-05
5.95154e-05
5.95001e-05
5.94848e-05
5.94695e-05
5.94542e-05
5.94389e-05
5.94236e-05
5.94083e-05
5.93931e-05
5.93778e-05
5.93625e-05
5.93473e-05
5.93321e-05
5.93169e-05
5.93016e-05
5.92864e-05
5.92712e-05
5.9256e-05
5.92409e-05
5.92257e-05
5.92105e-05
5.91954e-05
5.91802e-05
5.91651e-05
5.915e-05
5.91348e-05
5.91197e-05
5.91046e-05
5.90895e-05
5.90744e-05
5.90594e-05
5.90443e-05
5.90292e-05
5.90142e-05
5.89991e-05
5.89841e-05
5.89691e-05
5.89541e-05
5.8939e-05
5.8924e-05
5.89091e-05
5.88941e-05
5.88791e-05
5.88641e-05
5.88492e-05
5.88342e-05
5.88193e-05
5.88043e-05
5.87894e-05
5.87745e-05
5.87596e-05
5.87447e-05
5.87298e-05
5.87149e-05
5.87e-05
5.86852e-05
5.86703e-05
5.86554e-05
5.86406e-05
5.86258e-05
5.86109e-05
5.85961e-05
5.85813e-05
5.85665e-05
5.85517e-05
5.85369e-05
5.85222e-05
5.85074e-05
5.84926e-05
5.84779e-05
5.84631e-05
5.84484e-05
5.84337e-05
5.84189e-05
5.84042e-05
5.83895e-05
5.83748e-05
5.83601e-05
5.83455e-05
5.83308e-05
5.83161e-05
5.83015e-05
5.82868e-05
5.82722e-05
5.82576e-05
5.82429e-05
5.82283e-05
5.82137e-05
5.81991e-05
5.81845e-05
5.81699e-05
5.81554e-05
5.81408e-05
5.81263e-05
5.81117e-05
5.80972e-05
5.80826e-05
5.80681e-05
5.80536e-05
5.80391e-05
5.80246e-05
5.80101e-05
5.79956e-05
5.79811e-05
5.79666e-05
5.79522e-05
5.79377e-05
5.79233e-05
5.79088e-05
5.78944e-05
5.788e-05
5.78656e-05
5.78512e-05
5.78368e-05
5.78224e-05
5.7808e-05
5.77936e-05
5.77793e-05
5.77649e-05
5.77505e-05
5.77362e-05
5.77219e-05
5.77075e-05
5.76932e-05
5.76789e-05
5.76646e-05
5.76503e-05
5.7636e-05
5.76217e-05
5.76075e-05
5.75932e-05
5.75789e-05
5.75647e-05
5.75504e-05
5.75362e-05
5.7522e-05
5.75078e-05
5.74936e-05
5.74794e-05
5.74652e-05
5.7451e-05
5.74368e-05
5.74226e-05
5.74085e-05
5.73943e-05
5.73802e-05
5.7366e-05
5.73519e-05
5.73377e-05
5.73236e-05
5.73095e-05
5.72954e-05
5.72813e-05
5.72672e-05
5.72532e-05
5.72391e-05
5.7225e-05
5.7211e-05
5.71969e-05
5.71829e-05
5.71688e-05
5.71548e-05
5.71408e-05
5.71268e-05
5.71128e-05
5.70988e-05
5.70848e-05
5.70708e-05
5.70568e-05
5.70429e-05
5.70289e-05
5.7015e-05
5.7001e-05
5.69871e-05
5.69731e-05
5.69592e-05
5.69453e-05
5.69314e-05
5.69175e-05
5.69036e-05
5.68897e-05
5.68758e-05
5.6862e-05
5.68481e-05
5.68343e-05
5.68204e-05
5.68066e-05
5.67927e-05
5.67789e-05
5.67651e-05
5.67513e-05
5.67375e-05
5.67237e-05
5.67099e-05
5.66961e-05
5.66824e-05
5.66686e-05
5.66548e-05
5.66411e-05
5.66273e-05
5.66136e-05
5.65999e-05
5.65862e-05
5.65724e-05
5.65587e-05
5.6545e-05
5.65313e-05
5.65177e-05
5.6504e-05
5.64903e-05
5.64766e-05
5.6463e-05
5.64493e-05
5.64357e-05
5.64221e-05
5.64084e-05
5.63948e-05
5.63812e-05
5.63676e-05
5.6354e-05
5.63404e-05
5.63268e-05
5.63133e-05
5.62997e-05
5.62861e-05
5.62726e-05
5.6259e-05
5.62455e-05
5.6232e-05
5.62184e-05
5.62049e-05
5.61914e-05
5.61779e-05
5.61644e-05
5.61509e-05
5.61374e-05
5.6124e-05
5.61105e-05
5.6097e-05
5.60836e-05
5.60701e-05
5.60567e-05
5.60433e-05
5.60298e-05
5.60164e-05
5.6003e-05
5.59896e-05
5.59762e-05
5.59628e-05
5.59494e-05
5.5936e-05
5.59227e-05
5.59093e-05
5.5896e-05
5.58826e-05
5.58693e-05
5.58559e-05
5.58426e-05
5.58293e-05
5.5816e-05
5.58027e-05
5.57894e-05
5.57761e-05
5.57628e-05
5.57495e-05
5.57362e-05
5.5723e-05
5.57097e-05
5.56965e-05
5.56832e-05
5.567e-05
5.56568e-05
5.56435e-05
5.56303e-05
5.56171e-05
5.56039e-05
5.55907e-05
5.55775e-05
5.55644e-05
5.55512e-05
5.5538e-05
5.55248e-05
5.55117e-05
5.54985e-05
5.54854e-05
5.54723e-05
5.54592e-05
5.5446e-05
5.54329e-05
5.54198e-05
5.54067e-05
5.53936e-05
5.53805e-05
5.53675e-05
5.53544e-05
5.53413e-05
5.53283e-05
5.53152e-05
5.53022e-05
5.52891e-05
5.52761e-05
5.52631e-05
5.52501e-05
5.5237e-05
5.5224e-05
5.5211e-05
5.51981e-05
5.51851e-05
5.51721e-05
5.51591e-05
5.51462e-05
5.51332e-05
5.51203e-05
5.51073e-05
5.50944e-05
5.50814e-05
5.50685e-05
5.50556e-05
5.50427e-05
5.50298e-05
5.50169e-05
5.5004e-05
5.49911e-05
5.49782e-05
5.49654e-05
5.49525e-05
5.49397e-05
5.49268e-05
5.4914e-05
5.49011e-05
5.48883e-05
5.48755e-05
5.48627e-05
5.48498e-05
5.4837e-05
5.48242e-05
5.48115e-05
5.47987e-05
5.47859e-05
5.47731e-05
5.47604e-05
5.47476e-05
5.47348e-05
5.47221e-05
5.47094e-05
5.46966e-05
5.46839e-05
5.46712e-05
5.46585e-05
5.46458e-05
5.46331e-05
5.46204e-05
5.46077e-05
5.4595e-05
5.45823e-05
5.45697e-05
5.4557e-05
5.45444e-05
5.45317e-05
5.45191e-05
5.45064e-05
5.44938e-05
5.44812e-05
5.44686e-05
5.4456e-05
5.44434e-05
5.44308e-05
5.44182e-05
5.44056e-05
5.4393e-05
5.43805e-05
5.43679e-05
5.43553e-05
5.43428e-05
5.43302e-05
5.43177e-05
5.43052e-05
5.42926e-05
5.42801e-05
5.42676e-05
5.42551e-05
5.42426e-05
5.42301e-05
5.42176e-05
5.42051e-05
5.41927e-05
5.41802e-05
5.41677e-05
5.41553e-05
5.41428e-05
5.41304e-05
5.4118e-05
5.41055e-05
5.40931e-05
5.40807e-05
5.40683e-05
5.40559e-05
5.40435e-05
5.40311e-05
5.40187e-05
5.40063e-05
5.39939e-05
5.39816e-05
5.39692e-05
5.39568e-05
5.39445e-05
5.39322e-05
5.39198e-05
5.39075e-05
5.38952e-05
5.38828e-05
5.38705e-05
5.38582e-05
5.38459e-05
5.38336e-05
5.38213e-05
5.38091e-05
5.37968e-05
5.37845e-05
5.37723e-05
5.376e-05
5.37478e-05
5.37355e-05
5.37233e-05
5.3711e-05
5.36988e-05
5.36866e-05
5.36744e-05
5.36622e-05
5.365e-05
5.36378e-05
5.36256e-05
5.36134e-05
5.36012e-05
5.35891e-05
5.35769e-05
5.35647e-05
5.35526e-05
5.35404e-05
5.35283e-05
5.35162e-05
5.3504e-05
5.34919e-05
5.34798e-05
5.34677e-05
5.34556e-05
5.34435e-05
5.34314e-05
5.34193e-05
5.34072e-05
5.33952e-05
5.33831e-05
5.3371e-05
5.3359e-05
5.33469e-05
5.33349e-05
5.33229e-05
5.33108e-05
5.32988e-05
5.32868e-05
5.32748e-05
5.32628e-05
5.32508e-05
5.32388e-05
5.32268e-05
5.32148e-05
5.32028e-05
5.31908e-05
5.31789e-05
5.31669e-05
5.3155e-05
5.3143e-05
5.31311e-05
5.31191e-05
5.31072e-05
5.30953e-05
5.30834e-05
5.30714e-05
5.30595e-05
5.30476e-05
5.30357e-05
5.30238e-05
5.3012e-05
5.30001e-05
5.29882e-05
5.29763e-05
5.29645e-05
5.29526e-05
5.29408e-05
5.29289e-05
5.29171e-05
5.29053e-05
5.28935e-05
5.28816e-05
5.28698e-05
5.2858e-05
5.28462e-05
5.28344e-05
5.28226e-05
5.28108e-05
5.27991e-05
5.27873e-05
5.27755e-05
5.27638e-05
5.2752e-05
5.27403e-05
5.27285e-05
5.27168e-05
5.2705e-05
5.26933e-05
5.26816e-05
5.26699e-05
5.26582e-05
5.26465e-05
5.26348e-05
5.26231e-05
5.26114e-05
5.25997e-05
5.2588e-05
5.25764e-05
5.25647e-05
5.2553e-05
5.25414e-05
5.25297e-05
5.25181e-05
5.25065e-05
5.24948e-05
5.24832e-05
5.24716e-05
5.246e-05
5.24484e-05
5.24368e-05
5.24252e-05
5.24136e-05
5.2402e-05
5.23904e-05
5.23789e-05
5.23673e-05
5.23557e-05
5.23442e-05
5.23326e-05
5.23211e-05
5.23095e-05
5.2298e-05
5.22865e-05
5.2275e-05
5.22634e-05
5.22519e-05
5.22404e-05
5.22289e-05
5.22174e-05
5.22059e-05
5.21945e-05
5.2183e-05
5.21715e-05
5.216e-05
5.21486e-05
5.21371e-05
5.21257e-05
5.21142e-05
5.21028e-05
5.20914e-05
5.20799e-05
5.20685e-05
5.20571e-05
5.20457e-05
5.20343e-05
5.20229e-05
5.20115e-05
5.20001e-05
5.19887e-05
5.19773e-05
5.1966e-05
5.19546e-05
5.19432e-05
5.19319e-05
5.19205e-05
5.19092e-05
5.18978e-05
5.18865e-05
5.18752e-05
5.18638e-05
5.18525e-05
5.18412e-05
5.18299e-05
5.18186e-05
5.18073e-05
5.1796e-05
5.17847e-05
5.17735e-05
5.17622e-05
5.17509e-05
5.17396e-05
5.17284e-05
5.17171e-05
5.17059e-05
5.16946e-05
5.16834e-05
5.16722e-05
5.1661e-05
5.16497e-05
5.16385e-05
5.16273e-05
5.16161e-05
5.16049e-05
5.15937e-05
5.15825e-05
5.15713e-05
5.15602e-05
5.1549e-05
5.15378e-05
5.15267e-05
5.15155e-05
5.15043e-05
5.14932e-05
5.14821e-05
5.14709e-05
5.14598e-05
5.14487e-05
5.14376e-05
5.14264e-05
5.14153e-05
5.14042e-05
5.13931e-05
5.1382e-05
5.13709e-05
5.13599e-05
5.13488e-05
5.13377e-05
5.13266e-05
5.13156e-05
5.13045e-05
5.12935e-05
5.12824e-05
5.12714e-05
5.12604e-05
5.12493e-05
5.12383e-05
5.12273e-05
5.12163e-05
5.12053e-05
5.11943e-05
5.11833e-05
5.11723e-05
5.11613e-05
5.11503e-05
5.11393e-05
5.11283e-05
5.11174e-05
5.11064e-05
5.10955e-05
5.10845e-05
5.10736e-05
5.10626e-05
5.10517e-05
5.10407e-05
5.10298e-05
5.10189e-05
5.1008e-05
5.09971e-05
5.09862e-05
5.09753e-05
5.09644e-05
5.09535e-05
5.09426e-05
5.09317e-05
5.09208e-05
5.091e-05
5.08991e-05
5.08883e-05
5.08774e-05
5.08665e-05
5.08557e-05
5.08449e-05
5.0834e-05
5.08232e-05
5.08124e-05
5.08016e-05
5.07907e-05
5.07799e-05
5.07691e-05
5.07583e-05
5.07475e-05
5.07368e-05
5.0726e-05
5.07152e-05
5.07044e-05
5.06937e-05
5.06829e-05
5.06721e-05
5.06614e-05
5.06506e-05
5.06399e-05
5.06292e-05
5.06184e-05
5.06077e-05
5.0597e-05
5.05862e-05
5.05755e-05
5.05648e-05
5.05541e-05
5.05434e-05
5.05327e-05
5.0522e-05
5.05114e-05
5.05007e-05
5.049e-05
5.04793e-05
5.04687e-05
5.0458e-05
5.04474e-05
5.04367e-05
5.04261e-05
5.04154e-05
5.04048e-05
5.03942e-05
5.03836e-05
5.03729e-05
5.03623e-05
5.03517e-05
5.03411e-05
5.03305e-05
5.03199e-05
5.03093e-05
5.02987e-05
5.02882e-05
5.02776e-05
5.0267e-05
5.02565e-05
5.02459e-05
5.02353e-05
5.02248e-05
5.02143e-05
5.02037e-05
5.01932e-05
5.01826e-05
5.01721e-05
5.01616e-05
5.01511e-05
5.01406e-05
5.01301e-05
5.01196e-05
5.01091e-05
5.00986e-05
5.00881e-05
5.00776e-05
5.00671e-05
5.00567e-05
5.00462e-05
5.00357e-05
5.00253e-05
5.00148e-05
5.00044e-05
4.99939e-05
4.99835e-05
4.99731e-05
4.99626e-05
4.99522e-05
4.99418e-05
4.99314e-05
4.9921e-05
4.99106e-05
4.99002e-05
4.98898e-05
4.98794e-05
4.9869e-05
4.98586e-05
4.98482e-05
4.98379e-05
4.98275e-05
4.98171e-05
4.98068e-05
4.97964e-05
4.97861e-05
4.97757e-05
4.97654e-05
4.97551e-05
4.97447e-05
4.97344e-05
4.97241e-05
4.97138e-05
4.97035e-05
4.96932e-05
4.96829e-05
4.96726e-05
4.96623e-05
4.9652e-05
4.96417e-05
4.96314e-05
4.96211e-05
4.96109e-05
4.96006e-05
4.95904e-05
4.95801e-05
4.95699e-05
4.95596e-05
4.95494e-05
4.95391e-05
4.95289e-05
4.95187e-05
4.95085e-05
4.94982e-05
4.9488e-05
4.94778e-05
4.94676e-05
4.94574e-05
4.94472e-05
4.9437e-05
4.94269e-05
4.94167e-05
4.94065e-05
4.93963e-05
4.93862e-05
4.9376e-05
4.93659e-05
4.93557e-05
4.93456e-05
4.93354e-05
4.93253e-05
4.93151e-05
4.9305e-05
4.92949e-05
4.92848e-05
4.92747e-05
4.92645e-05
4.92544e-05
4.92443e-05
4.92342e-05
4.92241e-05
4.92141e-05
4.9204e-05
4.91939e-05
4.91838e-05
4.91738e-05
4.91637e-05
4.91536e-05
4.91436e-05
4.91335e-05
4.91235e-05
4.91134e-05
4.91034e-05
4.90934e-05
4.90833e-05
4.90733e-05
4.90633e-05
4.90533e-05
4.90433e-05
4.90333e-05
4.90233e-05
4.90133e-05
4.90033e-05
4.89933e-05
4.89833e-05
4.89733e-05
4.89633e-05
4.89534e-05
4.89434e-05
4.89334e-05
4.89235e-05
4.89135e-05
4.89036e-05
4.88936e-05
4.88837e-05
4.88738e-05
4.88638e-05
4.88539e-05
4.8844e-05
4.88341e-05
4.88242e-05
4.88143e-05
4.88044e-05
4.87945e-05
4.87846e-05
4.87747e-05
4.87648e-05
4.87549e-05
4.8745e-05
4.87352e-05
4.87253e-05
4.87154e-05
4.87056e-05
4.86957e-05
4.86859e-05
4.8676e-05
4.86662e-05
4.86563e-05
4.86465e-05
4.86367e-05
4.86269e-05
4.8617e-05
4.86072e-05
4.85974e-05
4.85876e-05
4.85778e-05
4.8568e-05
4.85582e-05
4.85484e-05
4.85386e-05
4.85288e-05
4.85191e-05
4.85093e-05
4.84995e-05
4.84898e-05
4.848e-05
4.84703e-05
4.84605e-05
4.84508e-05
4.8441e-05
4.84313e-05
4.84215e-05
4.84118e-05
4.84021e-05
4.83924e-05
4.83827e-05
4.83729e-05
4.83632e-05
4.83535e-05
4.83438e-05
4.83341e-05
4.83245e-05
4.83148e-05
4.83051e-05
4.82954e-05
4.82857e-05
4.82761e-05
4.82664e-05
4.82567e-05
4.82471e-05
4.82374e-05
4.82278e-05
4.82181e-05
4.82085e-05
4.81989e-05
4.81892e-05
4.81796e-05
4.817e-05
4.81604e-05
4.81508e-05
4.81412e-05
4.81316e-05
4.8122e-05
4.81124e-05
4.81028e-05
4.80932e-05
4.80836e-05
4.8074e-05
4.80644e-05
4.80549e-05
4.80453e-05
4.80357e-05
4.80262e-05
4.80166e-05
4.80071e-05
4.79975e-05
4.7988e-05
4.79784e-05
4.79689e-05
4.79594e-05
4.79499e-05
4.79403e-05
4.79308e-05
4.79213e-05
4.79118e-05
4.79023e-05
4.78928e-05
4.78833e-05
4.78738e-05
4.78643e-05
4.78548e-05
4.78454e-05
4.78359e-05
4.78264e-05
4.78169e-05
4.78075e-05
4.7798e-05
4.77886e-05
4.77791e-05
4.77697e-05
4.77602e-05
4.77508e-05
4.77414e-05
4.77319e-05
4.77225e-05
4.77131e-05
4.77037e-05
4.76942e-05
4.76848e-05
4.76754e-05
4.7666e-05
4.76566e-05
4.76472e-05
4.76378e-05
4.76285e-05
4.76191e-05
4.76097e-05
4.76003e-05
4.7591e-05
4.75816e-05
4.75722e-05
4.75629e-05
4.75535e-05
4.75442e-05
4.75348e-05
4.75255e-05
4.75162e-05
4.75068e-05
4.74975e-05
4.74882e-05
4.74789e-05
4.74695e-05
4.74602e-05
4.74509e-05
4.74416e-05
4.74323e-05
4.7423e-05
4.74137e-05
4.74044e-05
4.73951e-05
4.73859e-05
4.73766e-05
4.73673e-05
4.73581e-05
4.73488e-05
4.73395e-05
4.73303e-05
4.7321e-05
4.73118e-05
4.73025e-05
4.72933e-05
4.72841e-05
4.72748e-05
4.72656e-05
4.72564e-05
4.72471e-05
4.72379e-05
4.72287e-05
4.72195e-05
4.72103e-05
4.72011e-05
4.71919e-05
4.71827e-05
4.71735e-05
4.71643e-05
4.71552e-05
4.7146e-05
4.71368e-05
4.71276e-05
4.71185e-05
4.71093e-05
4.71002e-05
4.7091e-05
4.70819e-05
4.70727e-05
4.70636e-05
4.70544e-05
4.70453e-05
4.70362e-05
4.7027e-05
4.70179e-05
4.70088e-05
4.69997e-05
4.69906e-05
4.69815e-05
4.69724e-05
4.69633e-05
4.69542e-05
4.69451e-05
4.6936e-05
4.69269e-05
4.69178e-05
4.69088e-05
4.68997e-05
4.68906e-05
4.68816e-05
4.68725e-05
4.68634e-05
4.68544e-05
4.68453e-05
4.68363e-05
4.68273e-05
4.68182e-05
4.68092e-05
4.68002e-05
4.67911e-05
4.67821e-05
4.67731e-05
4.67641e-05
4.67551e-05
4.67461e-05
4.67371e-05
4.67281e-05
4.67191e-05
4.67101e-05
4.67011e-05
4.66921e-05
4.66831e-05
4.66742e-05
4.66652e-05
4.66562e-05
4.66472e-05
4.66383e-05
4.66293e-05
4.66204e-05
4.66114e-05
4.66025e-05
4.65935e-05
4.65846e-05
4.65757e-05
4.65667e-05
4.65578e-05
4.65489e-05
4.654e-05
4.65311e-05
4.65221e-05
4.65132e-05
4.65043e-05
4.64954e-05
4.64865e-05
4.64776e-05
4.64688e-05
4.64599e-05
4.6451e-05
4.64421e-05
4.64332e-05
4.64244e-05
4.64155e-05
4.64066e-05
4.63978e-05
4.63889e-05
4.63801e-05
4.63712e-05
4.63624e-05
4.63535e-05
4.63447e-05
4.63359e-05
4.6327e-05
4.63182e-05
4.63094e-05
4.63006e-05
4.62918e-05
4.6283e-05
4.62741e-05
4.62653e-05
4.62565e-05
4.62477e-05
4.6239e-05
4.62302e-05
4.62214e-05
4.62126e-05
4.62038e-05
4.6195e-05
4.61863e-05
4.61775e-05
4.61688e-05
4.616e-05
4.61512e-05
4.61425e-05
4.61337e-05
4.6125e-05
4.61163e-05
4.61075e-05
4.60988e-05
4.609e-05
4.60813e-05
4.60726e-05
4.60639e-05
4.60552e-05
4.60465e-05
4.60377e-05
4.6029e-05
4.60203e-05
4.60116e-05
4.6003e-05
4.59943e-05
4.59856e-05
4.59769e-05
4.59682e-05
4.59595e-05
4.59509e-05
4.59422e-05
4.59335e-05
4.59249e-05
4.59162e-05
4.59076e-05
4.58989e-05
4.58903e-05
4.58816e-05
4.5873e-05
4.58643e-05
4.58557e-05
4.58471e-05
4.58385e-05
4.58298e-05
4.58212e-05
4.58126e-05
4.5804e-05
4.57954e-05
4.57868e-05
4.57782e-05
4.57696e-05
4.5761e-05
4.57524e-05
4.57438e-05
4.57352e-05
4.57267e-05
4.57181e-05
4.57095e-05
4.57009e-05
4.56924e-05
4.56838e-05
4.56753e-05
4.56667e-05
4.56581e-05
4.56496e-05
4.56411e-05
4.56325e-05
4.5624e-05
4.56154e-05
4.56069e-05
4.55984e-05
4.55899e-05
4.55814e-05
4.55728e-05
4.55643e-05
4.55558e-05
4.55473e-05
4.55388e-05
4.55303e-05
4.55218e-05
4.55133e-05
4.55048e-05
4.54964e-05
4.54879e-05
4.54794e-05
4.54709e-05
4.54625e-05
4.5454e-05
4.54455e-05
4.54371e-05
4.54286e-05
4.54202e-05
4.54117e-05
4.54033e-05
4.53948e-05
4.53864e-05
4.53779e-05
4.53695e-05
4.53611e-05
4.53527e-05
4.53442e-05
4.53358e-05
4.53274e-05
4.5319e-05
4.53106e-05
4.53022e-05
4.52938e-05
4.52854e-05
4.5277e-05
4.52686e-05
4.52602e-05
4.52518e-05
4.52434e-05
4.52351e-05
4.52267e-05
4.52183e-05
4.521e-05
4.52016e-05
4.51932e-05
4.51849e-05
4.51765e-05
4.51682e-05
4.51598e-05
4.51515e-05
4.51431e-05
4.51348e-05
4.51265e-05
4.51181e-05
4.51098e-05
4.51015e-05
4.50932e-05
4.50849e-05
4.50766e-05
4.50682e-05
4.50599e-05
4.50516e-05
4.50433e-05
4.5035e-05
4.50267e-05
4.50185e-05
4.50102e-05
4.50019e-05
4.49936e-05
4.49853e-05
4.49771e-05
4.49688e-05
4.49605e-05
4.49523e-05
4.4944e-05
4.49358e-05
4.49275e-05
4.49193e-05
4.4911e-05
4.49028e-05
4.48945e-05
4.48863e-05
4.48781e-05
4.48698e-05
4.48616e-05
4.48534e-05
4.48452e-05
4.4837e-05
4.48287e-05
4.48205e-05
4.48123e-05
4.48041e-05
4.47959e-05
4.47877e-05
4.47795e-05
4.47713e-05
4.47632e-05
4.4755e-05
4.47468e-05
4.47386e-05
4.47305e-05
4.47223e-05
4.47141e-05
4.4706e-05
4.46978e-05
4.46896e-05
4.46815e-05
4.46733e-05
4.46652e-05
4.4657e-05
4.46489e-05
4.46408e-05
4.46326e-05
4.46245e-05
4.46164e-05
4.46083e-05
4.46001e-05
4.4592e-05
4.45839e-05
4.45758e-05
4.45677e-05
4.45596e-05
4.45515e-05
4.45434e-05
4.45353e-05
4.45272e-05
4.45191e-05
4.4511e-05
4.4503e-05
4.44949e-05
4.44868e-05
4.44787e-05
4.44707e-05
4.44626e-05
4.44545e-05
4.44465e-05
4.44384e-05
4.44304e-05
4.44223e-05
4.44143e-05
4.44062e-05
4.43982e-05
4.43902e-05
4.43821e-05
4.43741e-05
4.43661e-05
4.4358e-05
4.435e-05
4.4342e-05
4.4334e-05
4.4326e-05
4.4318e-05
4.431e-05
4.4302e-05
4.4294e-05
4.4286e-05
4.4278e-05
4.427e-05
4.4262e-05
4.4254e-05
4.42461e-05
4.42381e-05
4.42301e-05
4.42221e-05
4.42142e-05
4.42062e-05
4.41982e-05
4.41903e-05
4.41823e-05
4.41744e-05
4.41664e-05
4.41585e-05
4.41506e-05
4.41426e-05
4.41347e-05
4.41268e-05
4.41188e-05
4.41109e-05
4.4103e-05
4.40951e-05
4.40871e-05
4.40792e-05
4.40713e-05
4.40634e-05
4.40555e-05
4.40476e-05
4.40397e-05
4.40318e-05
4.40239e-05
4.4016e-05
4.40082e-05
4.40003e-05
4.39924e-05
4.39845e-05
4.39767e-05
4.39688e-05
4.39609e-05
4.39531e-05
4.39452e-05
4.39373e-05
4.39295e-05
4.39216e-05
4.39138e-05
4.39059e-05
4.38981e-05
4.38903e-05
4.38824e-05
4.38746e-05
4.38668e-05
4.38589e-05
4.38511e-05
4.38433e-05
4.38355e-05
4.38277e-05
4.38199e-05
4.38121e-05
4.38042e-05
4.37964e-05
4.37887e-05
4.37809e-05
4.37731e-05
4.37653e-05
4.37575e-05
4.37497e-05
4.37419e-05
4.37342e-05
4.37264e-05
4.37186e-05
4.37108e-05
4.37031e-05
4.36953e-05
4.36876e-05
4.36798e-05
4.3672e-05
4.36643e-05
4.36566e-05
4.36488e-05
4.36411e-05
4.36333e-05
4.36256e-05
4.36179e-05
4.36101e-05
4.36024e-05
4.35947e-05
4.3587e-05
4.35793e-05
4.35715e-05
4.35638e-05
4.35561e-05
4.35484e-05
4.35407e-05
4.3533e-05
4.35253e-05
4.35176e-05
4.35099e-05
4.35023e-05
4.34946e-05
4.34869e-05
4.34792e-05
4.34715e-05
4.34639e-05
4.34562e-05
4.34485e-05
4.34409e-05
4.34332e-05
4.34256e-05
4.34179e-05
4.34103e-05
4.34026e-05
4.3395e-05
4.33873e-05
4.33797e-05
4.33721e-05
4.33644e-05
4.33568e-05
4.33492e-05
4.33415e-05
4.33339e-05
4.33263e-05
4.33187e-05
4.33111e-05
4.33035e-05
4.32959e-05
4.32883e-05
4.32807e-05
4.32731e-05
4.32655e-05
4.32579e-05
4.32503e-05
4.32427e-05
4.32351e-05
4.32275e-05
4.322e-05
4.32124e-05
4.32048e-05
4.31973e-05
4.31897e-05
4.31821e-05
4.31746e-05
4.3167e-05
4.31595e-05
4.31519e-05
4.31444e-05
4.31368e-05
4.31293e-05
4.31217e-05
4.31142e-05
4.31067e-05
4.30991e-05
4.30916e-05
4.30841e-05
4.30766e-05
4.3069e-05
4.30615e-05
4.3054e-05
4.30465e-05
4.3039e-05
4.30315e-05
4.3024e-05
4.30165e-05
4.3009e-05
4.30015e-05
4.2994e-05
4.29865e-05
4.29791e-05
4.29716e-05
4.29641e-05
4.29566e-05
4.29491e-05
4.29417e-05
4.29342e-05
4.29267e-05
4.29193e-05
4.29118e-05
4.29044e-05
4.28969e-05
4.28895e-05
4.2882e-05
4.28746e-05
4.28671e-05
4.28597e-05
4.28523e-05
4.28448e-05
4.28374e-05
4.283e-05
4.28226e-05
4.28151e-05
4.28077e-05
4.28003e-05
4.27929e-05
4.27855e-05
4.27781e-05
4.27707e-05
4.27633e-05
4.27559e-05
4.27485e-05
4.27411e-05
4.27337e-05
4.27263e-05
4.27189e-05
4.27115e-05
4.27042e-05
4.26968e-05
4.26894e-05
4.2682e-05
4.26747e-05
4.26673e-05
4.26599e-05
4.26526e-05
4.26452e-05
4.26379e-05
4.26305e-05
4.26232e-05
4.26158e-05
4.26085e-05
4.26011e-05
4.25938e-05
4.25865e-05
4.25791e-05
4.25718e-05
4.25645e-05
4.25572e-05
4.25498e-05
4.25425e-05
4.25352e-05
4.25279e-05
4.25206e-05
4.25133e-05
4.2506e-05
4.24987e-05
4.24914e-05
4.24841e-05
4.24768e-05
4.24695e-05
4.24622e-05
4.24549e-05
4.24477e-05
4.24404e-05
4.24331e-05
4.24258e-05
4.24186e-05
4.24113e-05
4.2404e-05
4.23968e-05
4.23895e-05
4.23823e-05
4.2375e-05
4.23677e-05
4.23605e-05
4.23533e-05
4.2346e-05
4.23388e-05
4.23315e-05
4.23243e-05
4.23171e-05
4.23098e-05
4.23026e-05
4.22954e-05
4.22882e-05
4.22809e-05
4.22737e-05
4.22665e-05
4.22593e-05
4.22521e-05
4.22449e-05
4.22377e-05
4.22305e-05
4.22233e-05
4.22161e-05
4.22089e-05
4.22017e-05
4.21945e-05
4.21873e-05
4.21802e-05
4.2173e-05
4.21658e-05
4.21586e-05
4.21515e-05
4.21443e-05
4.21371e-05
4.213e-05
4.21228e-05
4.21157e-05
4.21085e-05
4.21014e-05
4.20942e-05
4.20871e-05
4.20799e-05
4.20728e-05
4.20656e-05
4.20585e-05
4.20514e-05
4.20442e-05
4.20371e-05
4.203e-05
4.20229e-05
4.20158e-05
4.20086e-05
4.20015e-05
4.19944e-05
4.19873e-05
4.19802e-05
4.19731e-05
4.1966e-05
4.19589e-05
4.19518e-05
4.19447e-05
4.19376e-05
4.19305e-05
4.19234e-05
4.19164e-05
4.19093e-05
4.19022e-05
4.18951e-05
4.18881e-05
4.1881e-05
4.18739e-05
4.18669e-05
4.18598e-05
4.18527e-05
4.18457e-05
4.18386e-05
4.18316e-05
4.18245e-05
4.18175e-05
4.18105e-05
4.18034e-05
4.17964e-05
4.17893e-05
4.17823e-05
4.17753e-05
4.17683e-05
4.17612e-05
4.17542e-05
4.17472e-05
4.17402e-05
4.17332e-05
4.17261e-05
4.17191e-05
4.17121e-05
4.17051e-05
4.16981e-05
4.16911e-05
4.16841e-05
4.16771e-05
4.16701e-05
4.16632e-05
4.16562e-05
4.16492e-05
4.16422e-05
4.16352e-05
4.16283e-05
4.16213e-05
4.16143e-05
4.16073e-05
4.16004e-05
4.15934e-05
4.15865e-05
4.15795e-05
4.15725e-05
4.15656e-05
4.15586e-05
4.15517e-05
4.15448e-05
4.15378e-05
4.15309e-05
4.15239e-05
4.1517e-05
4.15101e-05
4.15031e-05
4.14962e-05
4.14893e-05
4.14824e-05
4.14755e-05
4.14685e-05
4.14616e-05
4.14547e-05
4.14478e-05
4.14409e-05
4.1434e-05
4.14271e-05
4.14202e-05
4.14133e-05
4.14064e-05
4.13995e-05
4.13926e-05
4.13857e-05
4.13789e-05
4.1372e-05
4.13651e-05
4.13582e-05
4.13513e-05
4.13445e-05
4.13376e-05
4.13307e-05
4.13239e-05
4.1317e-05
4.13102e-05
4.13033e-05
4.12964e-05
4.12896e-05
4.12827e-05
4.12759e-05
4.12691e-05
4.12622e-05
4.12554e-05
4.12485e-05
4.12417e-05
4.12349e-05
4.12281e-05
4.12212e-05
4.12144e-05
4.12076e-05
4.12008e-05
4.11939e-05
4.11871e-05
4.11803e-05
4.11735e-05
4.11667e-05
4.11599e-05
4.11531e-05
4.11463e-05
4.11395e-05
4.11327e-05
4.11259e-05
4.11191e-05
4.11124e-05
4.11056e-05
4.10988e-05
4.1092e-05
4.10852e-05
4.10785e-05
4.10717e-05
4.10649e-05
4.10582e-05
4.10514e-05
4.10446e-05
4.10379e-05
4.10311e-05
4.10244e-05
4.10176e-05
4.10109e-05
4.10041e-05
4.09974e-05
4.09906e-05
4.09839e-05
4.09771e-05
4.09704e-05
4.09637e-05
4.0957e-05
4.09502e-05
4.09435e-05
4.09368e-05
4.09301e-05
4.09233e-05
4.09166e-05
4.09099e-05
4.09032e-05
4.08965e-05
4.08898e-05
4.08831e-05
4.08764e-05
4.08697e-05
4.0863e-05
4.08563e-05
4.08496e-05
4.08429e-05
4.08362e-05
4.08295e-05
4.08229e-05
4.08162e-05
4.08095e-05
4.08028e-05
4.07962e-05
4.07895e-05
4.07828e-05
4.07762e-05
4.07695e-05
4.07628e-05
4.07562e-05
4.07495e-05
4.07429e-05
4.07362e-05
4.07296e-05
4.07229e-05
4.07163e-05
4.07097e-05
4.0703e-05
4.06964e-05
4.06897e-05
4.06831e-05
4.06765e-05
4.06699e-05
4.06632e-05
4.06566e-05
4.065e-05
4.06434e-05
4.06368e-05
4.06302e-05
4.06235e-05
4.06169e-05
4.06103e-05
4.06037e-05
4.05971e-05
4.05905e-05
4.05839e-05
4.05773e-05
4.05708e-05
4.05642e-05
4.05576e-05
4.0551e-05
4.05444e-05
4.05378e-05
4.05313e-05
4.05247e-05
4.05181e-05
4.05115e-05
4.0505e-05
4.04984e-05
4.04919e-05
4.04853e-05
4.04787e-05
4.04722e-05
4.04656e-05
4.04591e-05
4.04525e-05
4.0446e-05
4.04394e-05
4.04329e-05
4.04264e-05
4.04198e-05
4.04133e-05
4.04068e-05
4.04002e-05
4.03937e-05
4.03872e-05
4.03806e-05
4.03741e-05
4.03676e-05
4.03611e-05
4.03546e-05
4.03481e-05
4.03416e-05
4.03351e-05
4.03285e-05
4.0322e-05
4.03155e-05
4.03091e-05
4.03026e-05
4.02961e-05
4.02896e-05
4.02831e-05
4.02766e-05
4.02701e-05
4.02636e-05
4.02572e-05
4.02507e-05
4.02442e-05
4.02377e-05
4.02313e-05
4.02248e-05
4.02183e-05
4.02119e-05
4.02054e-05
4.01989e-05
4.01925e-05
4.0186e-05
4.01796e-05
4.01731e-05
4.01667e-05
4.01602e-05
4.01538e-05
4.01474e-05
4.01409e-05
4.01345e-05
4.01281e-05
4.01216e-05
4.01152e-05
4.01088e-05
4.01023e-05
4.00959e-05
4.00895e-05
4.00831e-05
4.00767e-05
4.00703e-05
4.00639e-05
4.00574e-05
4.0051e-05
4.00446e-05
4.00382e-05
4.00318e-05
4.00254e-05
4.0019e-05
4.00126e-05
4.00063e-05
3.99999e-05
3.99935e-05
3.99871e-05
3.99807e-05
3.99743e-05
3.9968e-05
3.99616e-05
3.99552e-05
3.99488e-05
3.99425e-05
3.99361e-05
3.99298e-05
3.99234e-05
3.9917e-05
3.99107e-05
3.99043e-05
3.9898e-05
3.98916e-05
3.98853e-05
3.98789e-05
3.98726e-05
3.98662e-05
3.98599e-05
3.98536e-05
3.98472e-05
3.98409e-05
3.98346e-05
3.98282e-05
3.98219e-05
3.98156e-05
3.98093e-05
3.9803e-05
3.97966e-05
3.97903e-05
3.9784e-05
3.97777e-05
3.97714e-05
3.97651e-05
3.97588e-05
3.97525e-05
3.97462e-05
3.97399e-05
3.97336e-05
3.97273e-05
3.9721e-05
3.97147e-05
3.97084e-05
3.97022e-05
3.96959e-05
3.96896e-05
3.96833e-05
3.9677e-05
3.96708e-05
3.96645e-05
3.96582e-05
3.9652e-05
3.96457e-05
3.96394e-05
3.96332e-05
3.96269e-05
3.96207e-05
3.96144e-05
3.96082e-05
3.96019e-05
3.95957e-05
3.95894e-05
3.95832e-05
3.95769e-05
3.95707e-05
3.95645e-05
3.95582e-05
3.9552e-05
3.95458e-05
3.95395e-05
3.95333e-05
3.95271e-05
3.95209e-05
3.95147e-05
3.95084e-05
3.95022e-05
3.9496e-05
3.94898e-05
3.94836e-05
3.94774e-05
3.94712e-05
3.9465e-05
3.94588e-05
3.94526e-05
3.94464e-05
3.94402e-05
3.9434e-05
3.94278e-05
3.94216e-05
3.94155e-05
3.94093e-05
3.94031e-05
3.93969e-05
3.93907e-05
3.93846e-05
3.93784e-05
3.93722e-05
3.93661e-05
3.93599e-05
3.93537e-05
3.93476e-05
3.93414e-05
3.93353e-05
3.93291e-05
3.93229e-05
3.93168e-05
3.93106e-05
3.93045e-05
3.92984e-05
3.92922e-05
3.92861e-05
3.92799e-05
3.92738e-05
3.92677e-05
3.92615e-05
3.92554e-05
3.92493e-05
3.92432e-05
3.9237e-05
3.92309e-05
3.92248e-05
3.92187e-05
3.92126e-05
3.92065e-05
3.92003e-05
3.91942e-05
3.91881e-05
3.9182e-05
3.91759e-05
3.91698e-05
3.91637e-05
3.91576e-05
3.91515e-05
3.91455e-05
3.91394e-05
3.91333e-05
3.91272e-05
3.91211e-05
3.9115e-05
3.9109e-05
3.91029e-05
3.90968e-05
3.90907e-05
3.90847e-05
3.90786e-05
3.90725e-05
3.90665e-05
3.90604e-05
3.90543e-05
3.90483e-05
3.90422e-05
3.90362e-05
3.90301e-05
3.90241e-05
3.9018e-05
3.9012e-05
3.90059e-05
3.89999e-05
3.89939e-05
3.89878e-05
3.89818e-05
3.89757e-05
3.89697e-05
3.89637e-05
3.89577e-05
3.89516e-05
3.89456e-05
3.89396e-05
3.89336e-05
3.89276e-05
3.89215e-05
3.89155e-05
3.89095e-05
3.89035e-05
3.88975e-05
3.88915e-05
3.88855e-05
3.88795e-05
3.88735e-05
3.88675e-05
3.88615e-05
3.88555e-05
3.88495e-05
3.88435e-05
3.88376e-05
3.88316e-05
3.88256e-05
3.88196e-05
3.88136e-05
3.88077e-05
3.88017e-05
3.87957e-05
3.87897e-05
3.87838e-05
3.87778e-05
3.87718e-05
3.87659e-05
3.87599e-05
3.8754e-05
3.8748e-05
3.87421e-05
3.87361e-05
3.87302e-05
3.87242e-05
3.87183e-05
3.87123e-05
3.87064e-05
3.87004e-05
3.86945e-05
3.86886e-05
3.86826e-05
3.86767e-05
3.86708e-05
3.86648e-05
3.86589e-05
3.8653e-05
3.86471e-05
3.86411e-05
3.86352e-05
3.86293e-05
3.86234e-05
3.86175e-05
3.86116e-05
3.86057e-05
3.85998e-05
3.85939e-05
3.8588e-05
3.85821e-05
3.85762e-05
3.85703e-05
3.85644e-05
3.85585e-05
3.85526e-05
3.85467e-05
3.85408e-05
3.85349e-05
3.85291e-05
3.85232e-05
3.85173e-05
3.85114e-05
3.85055e-05
3.84997e-05
3.84938e-05
3.84879e-05
3.84821e-05
3.84762e-05
3.84703e-05
3.84645e-05
3.84586e-05
3.84528e-05
3.84469e-05
3.84411e-05
3.84352e-05
3.84294e-05
3.84235e-05
3.84177e-05
3.84118e-05
3.8406e-05
3.84002e-05
3.83943e-05
3.83885e-05
3.83827e-05
3.83768e-05
3.8371e-05
3.83652e-05
3.83593e-05
3.83535e-05
3.83477e-05
3.83419e-05
3.83361e-05
3.83302e-05
3.83244e-05
3.83186e-05
3.83128e-05
3.8307e-05
3.83012e-05
3.82954e-05
3.82896e-05
3.82838e-05
3.8278e-05
3.82722e-05
3.82664e-05
3.82606e-05
3.82548e-05
3.8249e-05
3.82433e-05
3.82375e-05
3.82317e-05
3.82259e-05
3.82201e-05
3.82144e-05
3.82086e-05
3.82028e-05
3.8197e-05
3.81913e-05
3.81855e-05
3.81797e-05
3.8174e-05
3.81682e-05
3.81625e-05
3.81567e-05
3.81509e-05
3.81452e-05
3.81394e-05
3.81337e-05
3.81279e-05
3.81222e-05
3.81164e-05
3.81107e-05
3.8105e-05
3.80992e-05
3.80935e-05
3.80878e-05
3.8082e-05
3.80763e-05
3.80706e-05
3.80648e-05
3.80591e-05
3.80534e-05
3.80477e-05
3.8042e-05
3.80362e-05
3.80305e-05
3.80248e-05
3.80191e-05
3.80134e-05
3.80077e-05
3.8002e-05
3.79963e-05
3.79906e-05
3.79849e-05
3.79792e-05
3.79735e-05
3.79678e-05
3.79621e-05
3.79564e-05
3.79507e-05
3.7945e-05
3.79393e-05
3.79336e-05
3.7928e-05
3.79223e-05
3.79166e-05
3.79109e-05
3.79053e-05
3.78996e-05
3.78939e-05
3.78883e-05
3.78826e-05
3.78769e-05
3.78713e-05
3.78656e-05
3.78599e-05
3.78543e-05
3.78486e-05
3.7843e-05
3.78373e-05
3.78317e-05
3.7826e-05
3.78204e-05
3.78147e-05
3.78091e-05
3.78035e-05
3.77978e-05
3.77922e-05
3.77865e-05
3.77809e-05
3.77753e-05
3.77696e-05
3.7764e-05
3.77584e-05
3.77528e-05
3.77471e-05
3.77415e-05
3.77359e-05
3.77303e-05
3.77247e-05
3.77191e-05
3.77135e-05
3.77078e-05
3.77022e-05
3.76966e-05
3.7691e-05
3.76854e-05
3.76798e-05
3.76742e-05
3.76686e-05
3.7663e-05
3.76574e-05
3.76519e-05
3.76463e-05
3.76407e-05
3.76351e-05
3.76295e-05
3.76239e-05
3.76184e-05
3.76128e-05
3.76072e-05
3.76016e-05
3.75961e-05
3.75905e-05
3.75849e-05
3.75793e-05
3.75738e-05
3.75682e-05
3.75627e-05
3.75571e-05
3.75515e-05
3.7546e-05
3.75404e-05
3.75349e-05
3.75293e-05
3.75238e-05
3.75182e-05
3.75127e-05
3.75071e-05
3.75016e-05
3.74961e-05
3.74905e-05
3.7485e-05
3.74795e-05
3.74739e-05
3.74684e-05
3.74629e-05
3.74573e-05
3.74518e-05
3.74463e-05
3.74408e-05
3.74352e-05
3.74297e-05
3.74242e-05
3.74187e-05
3.74132e-05
3.74077e-05
3.74022e-05
3.73967e-05
3.73911e-05
3.73856e-05
3.73801e-05
3.73746e-05
3.73691e-05
3.73636e-05
3.73581e-05
3.73527e-05
3.73472e-05
3.73417e-05
3.73362e-05
3.73307e-05
3.73252e-05
3.73197e-05
3.73143e-05
3.73088e-05
3.73033e-05
3.72978e-05
3.72923e-05
3.72869e-05
3.72814e-05
3.72759e-05
3.72705e-05
3.7265e-05
3.72595e-05
3.72541e-05
3.72486e-05
3.72432e-05
3.72377e-05
3.72323e-05
3.72268e-05
3.72214e-05
3.72159e-05
3.72105e-05
3.7205e-05
3.71996e-05
3.71941e-05
3.71887e-05
3.71832e-05
3.71778e-05
3.71724e-05
3.71669e-05
3.71615e-05
3.71561e-05
3.71507e-05
3.71452e-05
3.71398e-05
3.71344e-05
3.7129e-05
3.71235e-05
3.71181e-05
3.71127e-05
3.71073e-05
3.71019e-05
3.70965e-05
3.70911e-05
3.70857e-05
3.70802e-05
3.70748e-05
3.70694e-05
3.7064e-05
3.70586e-05
3.70532e-05
3.70479e-05
3.70425e-05
3.70371e-05
3.70317e-05
3.70263e-05
3.70209e-05
3.70155e-05
3.70101e-05
3.70048e-05
3.69994e-05
3.6994e-05
3.69886e-05
3.69832e-05
3.69779e-05
3.69725e-05
3.69671e-05
3.69618e-05
3.69564e-05
3.6951e-05
3.69457e-05
3.69403e-05
3.6935e-05
3.69296e-05
3.69242e-05
3.69189e-05
3.69135e-05
3.69082e-05
3.69028e-05
3.68975e-05
3.68922e-05
3.68868e-05
3.68815e-05
3.68761e-05
3.68708e-05
3.68655e-05
3.68601e-05
3.68548e-05
3.68495e-05
3.68441e-05
3.68388e-05
3.68335e-05
3.68281e-05
3.68228e-05
3.68175e-05
3.68122e-05
3.68069e-05
3.68015e-05
3.67962e-05
3.67909e-05
3.67856e-05
3.67803e-05
3.6775e-05
3.67697e-05
3.67644e-05
3.67591e-05
3.67538e-05
3.67485e-05
3.67432e-05
3.67379e-05
3.67326e-05
3.67273e-05
3.6722e-05
3.67167e-05
3.67114e-05
3.67061e-05
3.67009e-05
3.66956e-05
3.66903e-05
3.6685e-05
3.66797e-05
3.66745e-05
3.66692e-05
3.66639e-05
3.66586e-05
3.66534e-05
3.66481e-05
3.66428e-05
3.66376e-05
3.66323e-05
3.66271e-05
3.66218e-05
3.66165e-05
3.66113e-05
3.6606e-05
3.66008e-05
3.65955e-05
3.65903e-05
3.6585e-05
3.65798e-05
3.65745e-05
3.65693e-05
3.65641e-05
3.65588e-05
3.65536e-05
3.65483e-05
3.65431e-05
3.65379e-05
3.65326e-05
3.65274e-05
3.65222e-05
3.6517e-05
3.65117e-05
3.65065e-05
3.65013e-05
3.64961e-05
3.64909e-05
3.64856e-05
3.64804e-05
3.64752e-05
3.647e-05
3.64648e-05
3.64596e-05
3.64544e-05
3.64492e-05
3.6444e-05
3.64388e-05
3.64336e-05
3.64284e-05
3.64232e-05
3.6418e-05
3.64128e-05
3.64076e-05
3.64024e-05
3.63972e-05
3.6392e-05
3.63868e-05
3.63817e-05
3.63765e-05
3.63713e-05
3.63661e-05
3.63609e-05
3.63558e-05
3.63506e-05
3.63454e-05
3.63403e-05
3.63351e-05
3.63299e-05
3.63248e-05
3.63196e-05
3.63144e-05
3.63093e-05
3.63041e-05
3.6299e-05
3.62938e-05
3.62886e-05
3.62835e-05
3.62783e-05
3.62732e-05
3.6268e-05
3.62629e-05
3.62577e-05
3.62526e-05
3.62475e-05
3.62423e-05
3.62372e-05
3.62321e-05
3.62269e-05
3.62218e-05
3.62167e-05
3.62115e-05
3.62064e-05
3.62013e-05
3.61961e-05
3.6191e-05
3.61859e-05
3.61808e-05
3.61757e-05
3.61705e-05
3.61654e-05
3.61603e-05
3.61552e-05
3.61501e-05
3.6145e-05
3.61399e-05
3.61348e-05
3.61297e-05
3.61246e-05
3.61195e-05
3.61144e-05
3.61093e-05
3.61042e-05
3.60991e-05
3.6094e-05
3.60889e-05
3.60838e-05
3.60787e-05
3.60736e-05
3.60685e-05
3.60634e-05
3.60584e-05
3.60533e-05
3.60482e-05
3.60431e-05
3.6038e-05
3.6033e-05
3.60279e-05
3.60228e-05
3.60178e-05
3.60127e-05
3.60076e-05
3.60026e-05
3.59975e-05
3.59924e-05
3.59874e-05
3.59823e-05
3.59773e-05
3.59722e-05
3.59671e-05
3.59621e-05
3.5957e-05
3.5952e-05
3.59469e-05
3.59419e-05
3.59369e-05
3.59318e-05
3.59268e-05
3.59217e-05
3.59167e-05
3.59117e-05
3.59066e-05
3.59016e-05
3.58965e-05
3.58915e-05
3.58865e-05
3.58815e-05
3.58764e-05
3.58714e-05
3.58664e-05
3.58614e-05
3.58563e-05
3.58513e-05
3.58463e-05
3.58413e-05
3.58363e-05
3.58313e-05
3.58263e-05
3.58213e-05
3.58162e-05
3.58112e-05
3.58062e-05
3.58012e-05
3.57962e-05
3.57912e-05
3.57862e-05
3.57812e-05
3.57762e-05
3.57712e-05
3.57663e-05
3.57613e-05
3.57563e-05
3.57513e-05
3.57463e-05
3.57413e-05
3.57363e-05
3.57314e-05
3.57264e-05
3.57214e-05
3.57164e-05
3.57114e-05
3.57065e-05
3.57015e-05
3.56965e-05
3.56916e-05
3.56866e-05
3.56816e-05
3.56767e-05
3.56717e-05
3.56667e-05
3.56618e-05
3.56568e-05
3.56519e-05
3.56469e-05
3.56419e-05
3.5637e-05
3.5632e-05
3.56271e-05
3.56221e-05
3.56172e-05
3.56123e-05
3.56073e-05
3.56024e-05
3.55974e-05
3.55925e-05
3.55876e-05
3.55826e-05
3.55777e-05
3.55728e-05
3.55678e-05
3.55629e-05
3.5558e-05
3.5553e-05
3.55481e-05
3.55432e-05
3.55383e-05
3.55333e-05
3.55284e-05
3.55235e-05
3.55186e-05
3.55137e-05
3.55088e-05
3.55038e-05
3.54989e-05
3.5494e-05
3.54891e-05
3.54842e-05
3.54793e-05
3.54744e-05
3.54695e-05
3.54646e-05
3.54597e-05
3.54548e-05
3.54499e-05
3.5445e-05
3.54401e-05
3.54352e-05
3.54304e-05
3.54255e-05
3.54206e-05
3.54157e-05
3.54108e-05
3.54059e-05
3.5401e-05
3.53962e-05
3.53913e-05
3.53864e-05
3.53815e-05
3.53767e-05
3.53718e-05
3.53669e-05
3.53621e-05
3.53572e-05
3.53523e-05
3.53475e-05
3.53426e-05
3.53377e-05
3.53329e-05
3.5328e-05
3.53232e-05
3.53183e-05
