0.0596721
0.0336547
0.0240741
0.018981
0.0157851
0.0135776
0.0119539
0.0107052
0.00971245
0.0089027
0.0082285
0.0076577
0.00716764
0.00674192
0.00636834
0.00603764
0.00574266
0.00547776
0.00523843
0.00502106
0.00482267
0.00464082
0.00447346
0.00431889
0.00417565
0.0040425
0.00391839
0.0038024
0.00369373
0.0035917
0.0034957
0.00340519
0.0033197
0.00323882
0.00316217
0.00308942
0.00302026
0.00295444
0.00289171
0.00283185
0.00277465
0.00271996
0.00266759
0.00261739
0.00256924
0.002523
0.00247857
0.00243582
0.00239468
0.00235504
0.00231682
0.00227994
0.00224434
0.00220994
0.00217669
0.00214453
0.00211339
0.00208324
0.00205402
0.0020257
0.00199822
0.00197155
0.00194566
0.0019205
0.00189606
0.00187229
0.00184917
0.00182667
0.00180477
0.00178344
0.00176266
0.00174241
0.00172267
0.00170341
0.00168462
0.00166629
0.00164839
0.0016309
0.00161383
0.00159714
0.00158083
0.00156489
0.00154929
0.00153404
0.00151911
0.0015045
0.0014902
0.00147619
0.00146247
0.00144903
0.00143587
0.00142296
0.0014103
0.0013979
0.00138573
0.00137379
0.00136208
0.00135058
0.0013393
0.00132822
0.00131735
0.00130667
0.00129618
0.00128587
0.00127575
0.00126579
0.00125601
0.00124639
0.00123694
0.00122764
0.00121849
0.0012095
0.00120065
0.00119194
0.00118337
0.00117493
0.00116663
0.00115845
0.00115041
0.00114248
0.00113467
0.00112698
0.00111941
0.00111194
0.00110459
0.00109734
0.00109019
0.00108315
0.00107621
0.00106936
0.00106262
0.00105596
0.0010494
0.00104292
0.00103653
0.00103023
0.00102401
0.00101788
0.00101183
0.00100585
0.000999952
0.00099413
0.000988383
0.000982708
0.000977105
0.000971572
0.000966108
0.000960711
0.000955381
0.000950115
0.000944913
0.000939774
0.000934696
0.000929678
0.00092472
0.000919819
0.000914976
0.000910188
0.000905456
0.000900777
0.000896152
0.000891579
0.000887057
0.000882586
0.000878164
0.00087379
0.000869465
0.000865187
0.000860955
0.000856768
0.000852626
0.000848528
0.000844474
0.000840461
0.000836491
0.000832562
0.000828674
0.000824826
0.000821016
0.000817246
0.000813513
0.000809818
0.00080616
0.000802539
0.000798953
0.000795402
0.000791886
0.000788404
0.000784956
0.00078154
0.000778158
0.000774808
0.000771489
0.000768202
0.000764946
0.000761719
0.000758523
0.000755357
0.000752219
0.00074911
0.000746029
0.000742976
0.000739951
0.000736953
0.000733981
0.000731036
0.000728117
0.000725223
0.000722355
0.000719512
0.000716693
0.000713899
0.000711128
0.000708382
0.000705658
0.000702958
0.00070028
0.000697625
0.000694992
0.000692381
0.000689791
0.000687223
0.000684675
0.000682149
0.000679643
0.000677157
0.000674692
0.000672246
0.000669819
0.000667412
0.000665024
0.000662655
0.000660304
0.000657971
0.000655657
0.000653361
0.000651082
0.000648821
0.000646577
0.00064435
0.00064214
0.000639947
0.000637771
0.00063561
0.000633466
0.000631337
0.000629225
0.000627128
0.000625046
0.000622979
0.000620928
0.000618891
0.000616869
0.000614862
0.000612869
0.00061089
0.000608926
0.000606975
0.000605038
0.000603115
0.000601205
0.000599308
0.000597425
0.000595554
0.000593697
0.000591852
0.00059002
0.0005882
0.000586393
0.000584598
0.000582815
0.000581044
0.000579285
0.000577538
0.000575802
0.000574077
0.000572365
0.000570663
0.000568972
0.000567293
0.000565624
0.000563966
0.000562319
0.000560683
0.000559057
0.000557441
0.000555836
0.000554241
0.000552656
0.000551081
0.000549516
0.00054796
0.000546415
0.000544878
0.000543352
0.000541835
0.000540327
0.000538828
0.000537339
0.000535859
0.000534387
0.000532925
0.000531471
0.000530026
0.00052859
0.000527162
0.000525743
0.000524332
0.00052293
0.000521536
0.00052015
0.000518772
0.000517402
0.00051604
0.000514686
0.00051334
0.000512002
0.000510671
0.000509348
0.000508032
0.000506724
0.000505424
0.000504131
0.000502845
0.000501566
0.000500294
0.00049903
0.000497772
0.000496522
0.000495279
0.000494042
0.000492812
0.000491589
0.000490372
0.000489163
0.00048796
0.000486763
0.000485573
0.000484389
0.000483211
0.00048204
0.000480875
0.000479717
0.000478564
0.000477418
0.000476277
0.000475143
0.000474015
0.000472892
0.000471776
0.000470665
0.00046956
0.00046846
0.000467367
0.000466279
0.000465196
0.000464119
0.000463048
0.000461982
0.000460921
0.000459866
0.000458816
0.000457772
0.000456732
0.000455698
0.000454669
0.000453645
0.000452626
0.000451613
0.000450604
0.0004496
0.000448601
0.000447607
0.000446618
0.000445634
0.000444654
0.00044368
0.00044271
0.000441744
0.000440784
0.000439827
0.000438876
0.000437929
0.000436986
0.000436048
0.000435115
0.000434186
0.000433261
0.00043234
0.000431424
0.000430512
0.000429605
0.000428701
0.000427802
0.000426907
0.000426016
0.000425129
0.000424246
0.000423368
0.000422493
0.000421622
0.000420756
0.000419893
0.000419034
0.000418179
0.000417327
0.00041648
0.000415636
0.000414797
0.000413961
0.000413128
0.000412299
0.000411474
0.000410653
0.000409835
0.000409021
0.000408211
0.000407403
0.0004066
0.0004058
0.000405003
0.00040421
0.00040342
0.000402634
0.000401851
0.000401072
0.000400295
0.000399522
0.000398753
0.000397986
0.000397223
0.000396463
0.000395707
0.000394953
0.000394203
0.000393456
0.000392712
0.000391971
0.000391233
0.000390498
0.000389766
0.000389038
0.000388312
0.000387589
0.000386869
0.000386152
0.000385438
0.000384727
0.000384019
0.000383314
0.000382612
0.000381912
0.000381215
0.000380522
0.00037983
0.000379142
0.000378456
0.000377774
0.000377093
0.000376416
0.000375741
0.000375069
0.0003744
0.000373733
0.000373069
0.000372407
0.000371748
0.000371091
0.000370438
0.000369786
0.000369137
0.000368491
0.000367847
0.000367206
0.000366567
0.000365931
0.000365297
0.000364665
0.000364036
0.000363409
0.000362785
0.000362163
0.000361543
0.000360926
0.000360311
0.000359698
0.000359088
0.00035848
0.000357874
0.00035727
0.000356669
0.00035607
0.000355473
0.000354879
0.000354286
0.000353696
0.000353108
0.000352522
0.000351938
0.000351356
0.000350777
0.000350199
0.000349624
0.000349051
0.000348479
0.00034791
0.000347343
0.000346778
0.000346215
0.000345654
0.000345095
0.000344538
0.000343983
0.00034343
0.000342879
0.00034233
0.000341783
0.000341237
0.000340694
0.000340153
0.000339613
0.000339075
0.00033854
0.000338006
0.000337474
0.000336944
0.000336415
0.000335889
0.000335364
0.000334841
0.00033432
0.000333801
0.000333283
0.000332767
0.000332253
0.000331741
0.000331231
0.000330722
0.000330215
0.000329709
0.000329206
0.000328704
0.000328204
0.000327705
0.000327208
0.000326713
0.000326219
0.000325727
0.000325237
0.000324748
0.000324261
0.000323776
0.000323292
0.00032281
0.000322329
0.00032185
0.000321373
0.000320897
0.000320422
0.000319949
0.000319478
0.000319008
0.00031854
0.000318073
0.000317608
0.000317144
0.000316682
0.000316221
0.000315762
0.000315304
0.000314848
0.000314393
0.00031394
0.000313488
0.000313037
0.000312588
0.00031214
0.000311694
0.000311249
0.000310806
0.000310364
0.000309923
0.000309484
0.000309046
0.000308609
0.000308174
0.00030774
0.000307308
0.000306877
0.000306447
0.000306018
0.000305591
0.000305165
0.000304741
0.000304318
0.000303896
0.000303475
0.000303056
0.000302637
0.000302221
0.000301805
0.000301391
0.000300978
0.000300566
0.000300155
0.000299746
0.000299338
0.000298931
0.000298526
0.000298121
0.000297718
0.000297316
0.000296915
0.000296516
0.000296117
0.00029572
0.000295324
0.000294929
0.000294535
0.000294143
0.000293751
0.000293361
0.000292972
0.000292584
0.000292197
0.000291811
0.000291427
0.000291043
0.000290661
0.00029028
0.000289899
0.00028952
0.000289142
0.000288766
0.00028839
0.000288015
0.000287641
0.000287269
0.000286897
0.000286527
0.000286158
0.000285789
0.000285422
0.000285056
0.00028469
0.000284326
0.000283963
0.000283601
0.00028324
0.00028288
0.000282521
0.000282163
0.000281806
0.00028145
0.000281094
0.00028074
0.000280387
0.000280035
0.000279684
0.000279334
0.000278985
0.000278636
0.000278289
0.000277943
0.000277597
0.000277253
0.000276909
0.000276567
0.000276225
0.000275885
0.000275545
0.000275206
0.000274868
0.000274531
0.000274195
0.00027386
0.000273525
0.000273192
0.00027286
0.000272528
0.000272197
0.000271867
0.000271539
0.000271211
0.000270883
0.000270557
0.000270232
0.000269907
0.000269583
0.00026926
0.000268938
0.000268617
0.000268297
0.000267978
0.000267659
0.000267341
0.000267024
0.000266708
0.000266393
0.000266078
0.000265765
0.000265452
0.00026514
0.000264828
0.000264518
0.000264208
0.0002639
0.000263592
0.000263284
0.000262978
0.000262672
0.000262367
0.000262063
0.00026176
0.000261458
0.000261156
0.000260855
0.000260555
0.000260255
0.000259956
0.000259659
0.000259361
0.000259065
0.000258769
0.000258474
0.00025818
0.000257887
0.000257594
0.000257302
0.000257011
0.00025672
0.00025643
0.000256141
0.000255853
0.000255565
0.000255278
0.000254992
0.000254707
0.000254422
0.000254138
0.000253854
0.000253571
0.000253289
0.000253008
0.000252728
0.000252448
0.000252168
0.00025189
0.000251612
0.000251335
0.000251058
0.000250782
0.000250507
0.000250232
0.000249959
0.000249685
0.000249413
0.000249141
0.00024887
0.000248599
0.000248329
0.00024806
0.000247791
0.000247523
0.000247256
0.000246989
0.000246723
0.000246457
0.000246193
0.000245928
0.000245665
0.000245402
0.00024514
0.000244878
0.000244617
0.000244356
0.000244096
0.000243837
0.000243578
0.00024332
0.000243063
0.000242806
0.00024255
0.000242294
0.000242039
0.000241785
0.000241531
0.000241278
0.000241025
0.000240773
0.000240521
0.00024027
0.00024002
0.00023977
0.000239521
0.000239272
0.000239024
0.000238777
0.00023853
0.000238283
0.000238037
0.000237792
0.000237547
0.000237303
0.00023706
0.000236817
0.000236574
0.000236332
0.000236091
0.00023585
0.00023561
0.00023537
0.000235131
0.000234892
0.000234654
0.000234416
0.000234179
0.000233943
0.000233707
0.000233471
0.000233236
0.000233002
0.000232768
0.000232534
0.000232301
0.000232069
0.000231837
0.000231606
0.000231375
0.000231144
0.000230915
0.000230685
0.000230456
0.000230228
0.00023
0.000229773
0.000229546
0.00022932
0.000229094
0.000228868
0.000228644
0.000228419
0.000228195
0.000227972
0.000227749
0.000227526
0.000227304
0.000227083
0.000226862
0.000226641
0.000226421
0.000226202
0.000225983
0.000225764
0.000225546
0.000225328
0.000225111
0.000224894
0.000224678
0.000224462
0.000224246
0.000224031
0.000223817
0.000223603
0.000223389
0.000223176
0.000222963
0.000222751
0.000222539
0.000222328
0.000222117
0.000221906
0.000221696
0.000221487
0.000221278
0.000221069
0.000220861
0.000220653
0.000220445
0.000220238
0.000220032
0.000219826
0.00021962
0.000219415
0.00021921
0.000219005
0.000218801
0.000218598
0.000218394
0.000218192
0.000217989
0.000217787
0.000217586
0.000217385
0.000217184
0.000216984
0.000216784
0.000216584
0.000216385
0.000216187
0.000215988
0.00021579
0.000215593
0.000215396
0.000215199
0.000215003
0.000214807
0.000214612
0.000214417
0.000214222
0.000214027
0.000213834
0.00021364
0.000213447
0.000213254
0.000213062
0.00021287
0.000212678
0.000212487
0.000212296
0.000212106
0.000211915
0.000211726
0.000211536
0.000211347
0.000211159
0.000210971
0.000210783
0.000210595
0.000210408
0.000210221
0.000210035
0.000209849
0.000209663
0.000209478
0.000209293
0.000209109
0.000208924
0.00020874
0.000208557
0.000208374
0.000208191
0.000208009
0.000207827
0.000207645
0.000207463
0.000207282
0.000207102
0.000206921
0.000206741
0.000206562
0.000206382
0.000206204
0.000206025
0.000205847
0.000205669
0.000205491
0.000205314
0.000205137
0.00020496
0.000204784
0.000204608
0.000204433
0.000204257
0.000204083
0.000203908
0.000203734
0.00020356
0.000203386
0.000203213
0.00020304
0.000202867
0.000202695
0.000202523
0.000202352
0.00020218
0.000202009
0.000201839
0.000201668
0.000201498
0.000201328
0.000201159
0.00020099
0.000200821
0.000200653
0.000200485
0.000200317
0.000200149
0.000199982
0.000199815
0.000199648
0.000199482
0.000199316
0.00019915
0.000198985
0.00019882
0.000198655
0.000198491
0.000198326
0.000198163
0.000197999
0.000197836
0.000197673
0.00019751
0.000197348
0.000197186
0.000197024
0.000196862
0.000196701
0.00019654
0.000196379
0.000196219
0.000196059
0.000195899
0.00019574
0.000195581
0.000195422
0.000195263
0.000195105
0.000194947
0.000194789
0.000194631
0.000194474
0.000194317
0.000194161
0.000194004
0.000193848
0.000193692
0.000193537
0.000193381
0.000193226
0.000193072
0.000192917
0.000192763
0.000192609
0.000192456
0.000192302
0.000192149
0.000191996
0.000191844
0.000191692
0.00019154
0.000191388
0.000191236
0.000191085
0.000190934
0.000190783
0.000190633
0.000190483
0.000190333
0.000190183
0.000190034
0.000189885
0.000189736
0.000189587
0.000189439
0.000189291
0.000189143
0.000188995
0.000188848
0.000188701
0.000188554
0.000188408
0.000188261
0.000188115
0.000187969
0.000187824
0.000187679
0.000187533
0.000187389
0.000187244
0.0001871
0.000186956
0.000186812
0.000186668
0.000186525
0.000186382
0.000186239
0.000186096
0.000185954
0.000185812
0.00018567
0.000185528
0.000185387
0.000185246
0.000185105
0.000184964
0.000184823
0.000184683
0.000184543
0.000184403
0.000184264
0.000184125
0.000183985
0.000183847
0.000183708
0.00018357
0.000183432
0.000183294
0.000183156
0.000183018
0.000182881
0.000182744
0.000182607
0.000182471
0.000182335
0.000182198
0.000182063
0.000181927
0.000181791
0.000181656
0.000181521
0.000181387
0.000181252
0.000181118
0.000180984
0.00018085
0.000180716
0.000180583
0.000180449
0.000180316
0.000180184
0.000180051
0.000179919
0.000179786
0.000179654
0.000179523
0.000179391
0.00017926
0.000179129
0.000178998
0.000178867
0.000178737
0.000178607
0.000178477
0.000178347
0.000178217
0.000178088
0.000177959
0.00017783
0.000177701
0.000177572
0.000177444
0.000177316
0.000177188
0.00017706
0.000176932
0.000176805
0.000176678
0.000176551
0.000176424
0.000176298
0.000176171
0.000176045
0.000175919
0.000175793
0.000175668
0.000175543
0.000175417
0.000175292
0.000175168
0.000175043
0.000174919
0.000174795
0.000174671
0.000174547
0.000174423
0.0001743
0.000174177
0.000174054
0.000173931
0.000173808
0.000173686
0.000173563
0.000173441
0.00017332
0.000173198
0.000173076
0.000172955
0.000172834
0.000172713
0.000172592
0.000172472
0.000172351
0.000172231
0.000172111
0.000171991
0.000171872
0.000171752
0.000171633
0.000171514
0.000171395
0.000171276
0.000171158
0.000171039
0.000170921
0.000170803
0.000170686
0.000170568
0.00017045
0.000170333
0.000170216
0.000170099
0.000169982
0.000169866
0.000169749
0.000169633
0.000169517
0.000169401
0.000169286
0.00016917
0.000169055
0.00016894
0.000168825
0.00016871
0.000168595
0.000168481
0.000168366
0.000168252
0.000168138
0.000168025
0.000167911
0.000167798
0.000167684
0.000167571
0.000167458
0.000167345
0.000167233
0.00016712
0.000167008
0.000166896
0.000166784
0.000166672
0.000166561
0.000166449
0.000166338
0.000166227
0.000166116
0.000166005
0.000165894
0.000165784
0.000165674
0.000165564
0.000165454
0.000165344
0.000165234
0.000165125
0.000165015
0.000164906
0.000164797
0.000164688
0.00016458
0.000164471
0.000164363
0.000164254
0.000164146
0.000164039
0.000163931
0.000163823
0.000163716
0.000163608
0.000163501
0.000163394
0.000163288
0.000163181
0.000163074
0.000162968
0.000162862
0.000162756
0.00016265
0.000162544
0.000162439
0.000162333
0.000162228
0.000162123
0.000162018
0.000161913
0.000161808
0.000161704
0.000161599
0.000161495
0.000161391
0.000161287
0.000161183
0.00016108
0.000160976
0.000160873
0.000160769
0.000160666
0.000160564
0.000160461
0.000160358
0.000160256
0.000160153
0.000160051
0.000159949
0.000159847
0.000159745
0.000159644
0.000159542
0.000159441
0.00015934
0.000159239
0.000159138
0.000159037
0.000158936
0.000158836
0.000158736
0.000158635
0.000158535
0.000158435
0.000158336
0.000158236
0.000158137
0.000158037
0.000157938
0.000157839
0.00015774
0.000157641
0.000157542
0.000157444
0.000157345
0.000157247
0.000157149
0.000157051
0.000156953
0.000156855
0.000156758
0.00015666
0.000156563
0.000156466
0.000156369
0.000156272
0.000156175
0.000156078
0.000155982
0.000155885
0.000155789
0.000155693
0.000155597
0.000155501
0.000155405
0.00015531
0.000155214
0.000155119
0.000155024
0.000154929
0.000154834
0.000154739
0.000154644
0.00015455
0.000154455
0.000154361
0.000154267
0.000154172
0.000154079
0.000153985
0.000153891
0.000153797
0.000153704
0.000153611
0.000153517
0.000153424
0.000153331
0.000153239
0.000153146
0.000153053
0.000152961
0.000152869
0.000152776
0.000152684
0.000152592
0.000152501
0.000152409
0.000152317
0.000152226
0.000152134
0.000152043
0.000151952
0.000151861
0.00015177
0.000151679
0.000151589
0.000151498
0.000151408
0.000151318
0.000151228
0.000151138
0.000151048
0.000150958
0.000150868
0.000150779
0.000150689
0.0001506
0.000150511
0.000150422
0.000150333
0.000150244
0.000150155
0.000150066
0.000149978
0.000149889
0.000149801
0.000149713
0.000149625
0.000149537
0.000149449
0.000149362
0.000149274
0.000149186
0.000149099
0.000149012
0.000148925
0.000148838
0.000148751
0.000148664
0.000148577
0.000148491
0.000148404
0.000148318
0.000148232
0.000148145
0.000148059
0.000147974
0.000147888
0.000147802
0.000147716
0.000147631
0.000147546
0.00014746
0.000147375
0.00014729
0.000147205
0.00014712
0.000147036
0.000146951
0.000146867
0.000146782
0.000146698
0.000146614
0.00014653
0.000146446
0.000146362
0.000146278
0.000146194
0.000146111
0.000146027
0.000145944
0.000145861
0.000145778
0.000145695
0.000145612
0.000145529
0.000145446
0.000145364
0.000145281
0.000145199
0.000145117
0.000145034
0.000144952
0.00014487
0.000144788
0.000144707
0.000144625
0.000144543
0.000144462
0.000144381
0.000144299
0.000144218
0.000144137
0.000144056
0.000143975
0.000143894
0.000143814
0.000143733
0.000143653
0.000143572
0.000143492
0.000143412
0.000143332
0.000143252
0.000143172
0.000143092
0.000143013
0.000142933
0.000142854
0.000142774
0.000142695
0.000142616
0.000142537
0.000142458
0.000142379
0.0001423
0.000142221
0.000142143
0.000142064
0.000141986
0.000141907
0.000141829
0.000141751
0.000141673
0.000141595
0.000141517
0.000141439
0.000141362
0.000141284
0.000141207
0.000141129
0.000141052
0.000140975
0.000140898
0.000140821
0.000140744
0.000140667
0.00014059
0.000140514
0.000140437
0.000140361
0.000140284
0.000140208
0.000140132
0.000140056
0.00013998
0.000139904
0.000139828
0.000139753
0.000139677
0.000139601
0.000139526
0.000139451
0.000139375
0.0001393
0.000139225
0.00013915
0.000139075
0.000139
0.000138926
0.000138851
0.000138776
0.000138702
0.000138628
0.000138553
0.000138479
0.000138405
0.000138331
0.000138257
0.000138183
0.000138109
0.000138036
0.000137962
0.000137889
0.000137815
0.000137742
0.000137669
0.000137596
0.000137522
0.000137449
0.000137377
0.000137304
0.000137231
0.000137158
0.000137086
0.000137013
0.000136941
0.000136869
0.000136796
0.000136724
0.000136652
0.00013658
0.000136508
0.000136437
0.000136365
0.000136293
0.000136222
0.00013615
0.000136079
0.000136008
0.000135936
0.000135865
0.000135794
0.000135723
0.000135652
0.000135582
0.000135511
0.00013544
0.00013537
0.000135299
0.000135229
0.000135158
0.000135088
0.000135018
0.000134948
0.000134878
0.000134808
0.000134738
0.000134668
0.000134599
0.000134529
0.00013446
0.00013439
0.000134321
0.000134252
0.000134182
0.000134113
0.000134044
0.000133975
0.000133906
0.000133837
0.000133769
0.0001337
0.000133632
0.000133563
0.000133495
0.000133426
0.000133358
0.00013329
0.000133222
0.000133154
0.000133086
0.000133018
0.00013295
0.000132882
0.000132815
0.000132747
0.00013268
0.000132612
0.000132545
0.000132478
0.00013241
0.000132343
0.000132276
0.000132209
0.000132142
0.000132075
0.000132009
0.000131942
0.000131875
0.000131809
0.000131742
0.000131676
0.00013161
0.000131544
0.000131477
0.000131411
0.000131345
0.000131279
0.000131214
0.000131148
0.000131082
0.000131016
0.000130951
0.000130885
0.00013082
0.000130755
0.000130689
0.000130624
0.000130559
0.000130494
0.000130429
0.000130364
0.000130299
0.000130234
0.00013017
0.000130105
0.00013004
0.000129976
0.000129911
0.000129847
0.000129783
0.000129719
0.000129654
0.00012959
0.000129526
0.000129462
0.000129399
0.000129335
0.000129271
0.000129207
0.000129144
0.00012908
0.000129017
0.000128953
0.00012889
0.000128827
0.000128764
0.000128701
0.000128638
0.000128575
0.000128512
0.000128449
0.000128386
0.000128323
0.000128261
0.000128198
0.000128136
0.000128073
0.000128011
0.000127949
0.000127886
0.000127824
0.000127762
0.0001277
0.000127638
0.000127576
0.000127514
0.000127453
0.000127391
0.000127329
0.000127268
0.000127206
0.000127145
0.000127083
0.000127022
0.000126961
0.0001269
0.000126839
0.000126778
0.000126717
0.000126656
0.000126595
0.000126534
0.000126473
0.000126413
0.000126352
0.000126292
0.000126231
0.000126171
0.00012611
0.00012605
0.00012599
0.00012593
0.00012587
0.00012581
0.00012575
0.00012569
0.00012563
0.00012557
0.000125511
0.000125451
0.000125391
0.000125332
0.000125272
0.000125213
0.000125154
0.000125094
0.000125035
0.000124976
0.000124917
0.000124858
0.000124799
0.00012474
0.000124681
0.000124623
0.000124564
0.000124505
0.000124447
0.000124388
0.00012433
0.000124271
0.000124213
0.000124155
0.000124096
0.000124038
0.00012398
0.000123922
0.000123864
0.000123806
0.000123748
0.000123691
0.000123633
0.000123575
0.000123517
0.00012346
0.000123402
0.000123345
0.000123288
0.00012323
0.000123173
0.000123116
0.000123059
0.000123002
0.000122945
0.000122888
0.000122831
0.000122774
0.000122717
0.00012266
0.000122604
0.000122547
0.00012249
0.000122434
0.000122377
0.000122321
0.000122265
0.000122208
0.000122152
0.000122096
0.00012204
0.000121984
0.000121928
0.000121872
0.000121816
0.00012176
0.000121704
0.000121649
0.000121593
0.000121537
0.000121482
0.000121426
0.000121371
0.000121316
0.00012126
0.000121205
0.00012115
0.000121095
0.00012104
0.000120984
0.000120929
0.000120875
0.00012082
0.000120765
0.00012071
0.000120655
0.000120601
0.000120546
0.000120492
0.000120437
0.000120383
0.000120328
0.000120274
0.00012022
0.000120165
0.000120111
0.000120057
0.000120003
0.000119949
0.000119895
0.000119841
0.000119787
0.000119734
0.00011968
0.000119626
0.000119573
0.000119519
0.000119465
0.000119412
0.000119358
0.000119305
0.000119252
0.000119199
0.000119145
0.000119092
0.000119039
0.000118986
0.000118933
0.00011888
0.000118827
0.000118774
0.000118722
0.000118669
0.000118616
0.000118563
0.000118511
0.000118458
0.000118406
0.000118353
0.000118301
0.000118249
0.000118196
0.000118144
0.000118092
0.00011804
0.000117988
0.000117936
0.000117884
0.000117832
0.00011778
0.000117728
0.000117676
0.000117625
0.000117573
0.000117521
0.00011747
0.000117418
0.000117367
0.000117315
0.000117264
0.000117213
0.000117162
0.00011711
0.000117059
0.000117008
0.000116957
0.000116906
0.000116855
0.000116804
0.000116753
0.000116702
0.000116652
0.000116601
0.00011655
0.000116499
0.000116449
0.000116398
0.000116348
0.000116297
0.000116247
0.000116197
0.000116146
0.000116096
0.000116046
0.000115996
0.000115946
0.000115896
0.000115846
0.000115796
0.000115746
0.000115696
0.000115646
0.000115596
0.000115547
0.000115497
0.000115447
0.000115398
0.000115348
0.000115299
0.000115249
0.0001152
0.000115151
0.000115101
0.000115052
0.000115003
0.000114954
0.000114904
0.000114855
0.000114806
0.000114757
0.000114708
0.00011466
0.000114611
0.000114562
0.000114513
0.000114465
0.000114416
0.000114367
0.000114319
0.00011427
0.000114222
0.000114173
0.000114125
0.000114077
0.000114028
0.00011398
0.000113932
0.000113884
0.000113836
0.000113788
0.00011374
0.000113692
0.000113644
0.000113596
0.000113548
0.0001135
0.000113452
0.000113405
0.000113357
0.000113309
0.000113262
0.000113214
0.000113167
0.000113119
0.000113072
0.000113025
0.000112977
0.00011293
0.000112883
0.000112836
0.000112788
0.000112741
0.000112694
0.000112647
0.0001126
0.000112553
0.000112507
0.00011246
0.000112413
0.000112366
0.000112319
0.000112273
0.000112226
0.00011218
0.000112133
0.000112087
0.00011204
0.000111994
0.000111947
0.000111901
0.000111855
0.000111809
0.000111762
0.000111716
0.00011167
0.000111624
0.000111578
0.000111532
0.000111486
0.00011144
0.000111394
0.000111349
0.000111303
0.000111257
0.000111211
0.000111166
0.00011112
0.000111074
0.000111029
0.000110983
0.000110938
0.000110893
0.000110847
0.000110802
0.000110757
0.000110711
0.000110666
0.000110621
0.000110576
0.000110531
0.000110486
0.000110441
0.000110396
0.000110351
0.000110306
0.000110261
0.000110217
0.000110172
0.000110127
0.000110082
0.000110038
0.000109993
0.000109949
0.000109904
0.00010986
0.000109815
0.000109771
0.000109726
0.000109682
0.000109638
0.000109594
0.000109549
0.000109505
0.000109461
0.000109417
0.000109373
0.000109329
0.000109285
0.000109241
0.000109197
0.000109153
0.00010911
0.000109066
0.000109022
0.000108978
0.000108935
0.000108891
0.000108848
0.000108804
0.000108761
0.000108717
0.000108674
0.00010863
0.000108587
0.000108544
0.0001085
0.000108457
0.000108414
0.000108371
0.000108328
0.000108285
0.000108242
0.000108199
0.000108156
0.000108113
0.00010807
0.000108027
0.000107984
0.000107941
0.000107899
0.000107856
0.000107813
0.000107771
0.000107728
0.000107686
0.000107643
0.000107601
0.000107558
0.000107516
0.000107473
0.000107431
0.000107389
0.000107347
0.000107304
0.000107262
0.00010722
0.000107178
0.000107136
0.000107094
0.000107052
0.00010701
0.000106968
0.000106926
0.000106884
0.000106842
0.000106801
0.000106759
0.000106717
0.000106675
0.000106634
0.000106592
0.000106551
0.000106509
0.000106468
0.000106426
0.000106385
0.000106343
0.000106302
0.000106261
0.000106219
0.000106178
0.000106137
0.000106096
0.000106055
0.000106014
0.000105972
0.000105931
0.00010589
0.000105849
0.000105809
0.000105768
0.000105727
0.000105686
0.000105645
0.000105604
0.000105564
0.000105523
0.000105482
0.000105442
0.000105401
0.000105361
0.00010532
0.00010528
0.000105239
0.000105199
0.000105158
0.000105118
0.000105078
0.000105037
0.000104997
0.000104957
0.000104917
0.000104877
0.000104837
0.000104797
0.000104757
0.000104717
0.000104677
0.000104637
0.000104597
0.000104557
0.000104517
0.000104477
0.000104437
0.000104398
0.000104358
0.000104318
0.000104279
0.000104239
0.0001042
0.00010416
0.000104121
0.000104081
0.000104042
0.000104002
0.000103963
0.000103924
0.000103884
0.000103845
0.000103806
0.000103767
0.000103727
0.000103688
0.000103649
0.00010361
0.000103571
0.000103532
0.000103493
0.000103454
0.000103415
0.000103376
0.000103338
0.000103299
0.00010326
0.000103221
0.000103182
0.000103144
0.000103105
0.000103067
0.000103028
0.000102989
0.000102951
0.000102912
0.000102874
0.000102835
0.000102797
0.000102759
0.00010272
0.000102682
0.000102644
